БС9_1 [is development object]/2026_04_roma_bs9_1.grd
DSAA
332 524
 4.40533420000000E+0005  4.57133420000000E+0005
 7.07279546992000E+0006  7.09899546992000E+0006
 3.40761489868164E+0001  3.22023986816406E+0002
[rows 34 to 50 of 524, columns 234 to 272 of 332]
1.70141000918780E+0038 1.70141000918780E+0038 1.70141000918780E+0038 2.49673004150391E+0002 2.46087997436523E+0002 2.41662292480469E+0002 2.36147598266602E+0002 2.29361801147461E+0002 2.21194305419922E+0002 2.11630996704102E+0002 2.00852294921875E+0002 1.89378295898438E+0002 1.78079193115234E+0002 1.66243804931641E+0002 1.54271301269531E+0002 1.43571594238281E+0002 1.34996795654297E+0002 1.28856399536133E+0002 1.24976303100585E+0002 1.22816596984863E+0002 1.21671302795410E+0002 1.20927398681640E+0002 1.20250297546386E+0002 1.19563598632812E+0002 1.18906799316406E+0002 1.18334396362304E+0002 1.17845001220703E+0002 1.17381401062011E+0002 1.16900802612304E+0002 1.16403396606445E+0002 1.15916000366210E+0002 1.15449798583984E+0002 1.14972099304199E+0002 1.14428497314453E+0002 1.13786003112793E+0002 1.13042297363281E+0002 1.12197097778320E+0002 1.11250000000000E+0002 1.10219100952148E+0002
1.70141000918780E+0038 1.70141000918780E+0038 1.70141000918780E+0038 2.50899093627930E+0002 2.47580703735352E+0002 2.43396392822266E+0002 2.38077301025391E+0002 2.31429199218750E+0002 2.23330093383789E+0002 2.13725006103516E+0002 2.02721496582031E+0002 1.90810501098633E+0002 1.78886199951172E+0002 1.66283599853516E+0002 1.53404205322266E+0002 1.41662597656250E+0002 1.31946701049805E+0002 1.24637001037597E+0002 1.19665298461914E+0002 1.16617500305175E+0002 1.14888198852539E+0002 1.13878898620605E+0002 1.13167900085449E+0002 1.12556297302246E+0002 1.11989898681640E+0002 1.11472999572753E+0002 1.10990097045898E+0002 1.10498001098632E+0002 1.09975502014160E+0002 1.09444702148437E+0002 1.08959899902343E+0002 1.08546997070312E+0002 1.08150497436523E+0002 1.07678901672363E+0002 1.07093902587890E+0002 1.06426300048828E+0002 1.05700302124023E+0002 1.04888999938964E+0002 1.03980102539062E+0002
1.70141000918780E+0038 1.70141000918780E+0038 2.54838699340820E+0002 2.52346893310547E+0002 2.49287796020508E+0002 2.45291000366211E+0002 2.40050598144531E+0002 2.33365798950195E+0002 2.25129302978516E+0002 2.15289993286133E+0002 2.03920898437500E+0002 1.91511505126953E+0002 1.78977203369141E+0002 1.65682998657227E+0002 1.52009094238281E+0002 1.39354995727539E+0002 1.28633605957031E+0002 1.20293403625488E+0002 1.14374298095703E+0002 1.10587699890136E+0002 1.08415100097656E+0002 1.07244903564453E+0002 1.06561203002929E+0002 1.06067802429199E+0002 1.05644401550293E+0002 1.05250198364257E+0002 1.04849296569824E+0002 1.04402900695800E+0002 1.03902297973632E+0002 1.03388603210449E+0002 1.02956497192382E+0002 1.02672302246093E+0002 1.02442901611328E+0002 1.02111000061035E+0002 1.01632102966308E+0002 1.01101600646972E+0002 1.00599601745605E+0002 1.00040802001953E+0002 9.93405227661133E+0001
1.70141000918780E+0038 1.70141000918780E+0038 2.56117187500000E+0002 2.53928497314453E+0002 2.51145202636719E+0002 2.47307205200195E+0002 2.42045806884766E+0002 2.35163604736328E+0002 2.26595993041992E+0002 2.16340499877930E+0002 2.04517593383789E+0002 1.91622894287109E+0002 1.78564193725586E+0002 1.64719497680664E+0002 1.50428100585938E+0002 1.37055496215820E+0002 1.25524200439453E+0002 1.16338203430175E+0002 1.09639198303222E+0002 1.05275703430175E+0002 1.02842102050781E+0002 1.01695999145507E+0002 1.01162300109863E+0002 1.00836898803710E+0002 1.00578498840332E+0002 1.00336097717285E+0002 1.00065200805664E+0002 9.97285537719727E+0001 9.93271636962891E+0001 9.89030532836914E+0001 9.85677337646484E+0001 9.84648284912109E+0001 9.84466400146484E+0001 9.82856597900391E+0001 9.79366226196289E+0001 9.75607528686523E+0001 9.73375701904297E+0001 9.70962066650391E+0001 9.66659622192383E+0001
1.70141000918780E+0038 1.70141000918780E+0038 2.57368286132813E+0002 2.55498199462891E+0002 2.53035095214844E+0002 2.49359100341797E+0002 2.44002502441406E+0002 2.36803604125977E+0002 2.27784500122070E+0002 2.17027801513672E+0002 2.04737197875977E+0002 1.91423095703125E+0002 1.77964996337891E+0002 1.63743103027344E+0002 1.49042800903320E+0002 1.35178894042969E+0002 1.23068397521972E+0002 1.13253799438476E+0002 1.05960296630859E+0002 1.01174598693847E+0002 9.86696472167969E+0001 9.77975463867188E+0001 9.75706329345703E+0001 9.74231872558594E+0001 9.72840118408203E+0001 9.71667861938477E+0001 9.70310974121094E+0001 9.68396682739258E+0001 9.66113204956055E+0001 9.63944168090820E+0001 9.62236862182617E+0001 9.62738571166992E+0001 9.63675994873047E+0001 9.63376998901367E+0001 9.61558837890625E+0001 9.59415512084961E+0001 9.59338302612305E+0001 9.59262390136719E+0001 9.57409591674805E+0001
1.70141000918780E+0038 1.70141000918780E+0038 1.70141000918780E+0038 2.56859710693359E+0002 2.54775497436523E+0002 2.51289596557617E+0002 2.45790802001953E+0002 2.38228897094727E+0002 2.28758300781250E+0002 2.17549896240234E+0002 2.04872497558594E+0002 1.91250305175781E+0002 1.77533096313477E+0002 1.63108200073242E+0002 1.48205398559570E+0002 1.34077102661133E+0002 1.21626701354980E+0002 1.11426300048828E+0002 1.03767097473144E+0002 9.87402420043945E+0001 9.63039016723633E+0001 9.59100570678711E+0001 9.60845031738281E+0001 9.60373535156250E+0001 9.59032287597656E+0001 9.58221435546875E+0001 9.57659835815430E+0001 9.57017288208008E+0001 9.56398468017578E+0001 9.56777877807617E+0001 9.58086090087891E+0001 9.58401184082031E+0001 9.58011932373047E+0001 9.58127975463867E+0001 9.58324737548828E+0001 9.57943801879883E+0001 9.58237609863281E+0001 9.58606567382813E+0001 9.57828369140625E+0001
1.70141000918780E+0038 1.70141000918780E+0038 1.70141000918780E+0038 2.57814300537109E+0002 2.56108612060547E+0002 2.52828704833984E+0002 2.47189193725586E+0002 2.39347198486328E+0002 2.29571701049805E+0002 2.18085403442383E+0002 2.05192092895508E+0002 1.91419692993164E+0002 1.77589492797852E+0002 1.63116806030273E+0002 1.48186706542969E+0002 1.33983703613281E+0002 1.21397003173828E+0002 1.11032897949218E+0002 1.03252899169921E+0002 9.82287826538086E+0001 9.59523010253906E+0001 9.58114089965820E+0001 9.62248001098633E+0001 9.62279434204102E+0001 9.60535964965820E+0001 9.59096527099609E+0001 9.58350067138672E+0001 9.57979431152344E+0001 9.57427597045898E+0001 9.57800979614258E+0001 9.60164031982422E+0001 9.59942169189453E+0001 9.58372192382813E+0001 9.58528213500977E+0001 9.59839706420898E+0001 9.60210037231445E+0001 9.60225067138672E+0001 9.60334625244141E+0001 9.59805297851563E+0001
1.70141000918780E+0038 1.70141000918780E+0038 1.70141000918780E+0038 2.58356903076172E+0002 2.56774505615234E+0002 2.53600601196289E+0002 2.47974899291992E+0002 2.40110900878906E+0002 2.30302505493164E+0002 2.18796005249023E+0002 2.05912902832031E+0002 1.92175796508789E+0002 1.78375595092773E+0002 1.63980697631836E+0002 1.49147994995117E+0002 1.34990905761719E+0002 1.22382301330566E+0002 1.11964302062988E+0002 1.04167900085449E+0002 9.92089767456055E+0001 9.69734115600586E+0001 9.67059173583984E+0001 9.70711364746094E+0001 9.71764907836914E+0001 9.70158309936523E+0001 9.68004226684570E+0001 9.66302566528320E+0001 9.64858627319336E+0001 9.62798233032227E+0001 9.60909881591797E+0001 9.61123733520508E+0001 9.60634765625000E+0001 9.59362411499023E+0001 9.59335479736328E+0001 9.60057067871094E+0001 9.60198364257813E+0001 9.60173797607422E+0001 9.60240936279297E+0001 9.59941329956055E+0001
1.70141000918780E+0038 1.70141000918780E+0038 1.70141000918780E+0038 1.70141000918780E+0038 2.57012786865234E+0002 2.53715393066406E+0002 2.48264602661133E+0002 2.40647201538086E+0002 2.31084304809570E+0002 2.19819503784180E+0002 2.07176498413086E+0002 1.93660202026367E+0002 1.80022003173828E+0002 1.65799697875977E+0002 1.51137603759766E+0002 1.37070693969727E+0002 1.24442497253418E+0002 1.13916496276855E+0002 1.05981903076171E+0002 1.00899497985839E+0002 9.85243606567383E+0001 9.80846328735352E+0001 9.83695068359375E+0001 9.84992980957031E+0001 9.83296813964844E+0001 9.80412216186523E+0001 9.77577667236328E+0001 9.74734573364258E+0001 9.71327819824219E+0001 9.67979736328125E+0001 9.65880432128906E+0001 9.64204330444336E+0001 9.62629623413086E+0001 9.61735229492188E+0001 9.61213073730469E+0001 9.60565338134766E+0001 9.60236129760742E+0001 9.60091476440430E+0001 9.59660873413086E+0001
1.70141000918780E+0038 1.70141000918780E+0038 1.70141000918780E+0038 1.70141000918780E+0038 2.57395202636719E+0002 2.53830596923828E+0002 2.48495101928711E+0002 2.41208496093750E+0002 2.32054199218750E+0002 2.21221801757813E+0002 2.09006393432617E+0002 1.95873794555664E+0002 1.82516403198242E+0002 1.68544006347656E+0002 1.54095794677734E+0002 1.40116302490234E+0002 1.27395599365234E+0002 1.16590698242187E+0002 1.08240196228027E+0002 1.02717300415039E+0002 1.00035202026367E+0002 9.95205993652344E+0001 9.98308410644531E+0001 9.99103088378906E+0001 9.96614990234375E+0001 9.93161315917969E+0001 9.89842834472656E+0001 9.86501464843750E+0001 9.82682189941406E+0001 9.78688888549805E+0001 9.75197830200195E+0001 9.72242202758789E+0001 9.69720230102539E+0001 9.67689590454102E+0001 9.65986099243164E+0001 9.64473800659180E+0001 9.63307800292969E+0001 9.62349472045898E+0001 9.61445236206055E+0001
1.70141000918780E+0038 1.70141000918780E+0038 1.70141000918780E+0038 1.70141000918780E+0038 1.70141000918780E+0038 2.54232192993164E+0002 2.48929901123047E+0002 2.41934494018555E+0002 2.33225296020508E+0002 2.22917297363281E+0002 2.11250701904297E+0002 1.98629104614258E+0002 1.85665405273438E+0002 1.72024902343750E+0002 1.57842102050781E+0002 1.43959594726563E+0002 1.31086196899414E+0002 1.19832901000976E+0002 1.10758499145507E+0002 1.04385803222656E+0002 1.01075302124023E+0002 1.00495498657226E+0002 1.00968597412109E+0002 1.00953796386718E+0002 1.00645599365234E+0002 1.00343002319335E+0002 1.00086898803710E+0002 9.98269729614258E+0001 9.94951171875000E+0001 9.90979003906250E+0001 9.86918334960938E+0001 9.83132324218750E+0001 9.79743423461914E+0001 9.76779479980469E+0001 9.74165496826172E+0001 9.71818771362305E+0001 9.69707412719727E+0001 9.67776412963867E+0001 9.66125411987305E+0001
1.70141000918780E+0038 1.70141000918780E+0038 1.70141000918780E+0038 1.70141000918780E+0038 1.70141000918780E+0038 1.70141000918780E+0038 2.49501205444336E+0002 2.42707397460938E+0002 2.34388702392578E+0002 2.24603698730469E+0002 2.13533706665039E+0002 2.01511199951172E+0002 1.89055297851563E+0002 1.75855102539063E+0002 1.62034194946289E+0002 1.48332199096680E+0002 1.35358703613281E+0002 1.23642501831054E+0002 1.13703002929687E+0002 1.06133201599121E+0002 1.01637901306152E+0002 1.00576301574707E+0002 1.01193901062011E+0002 1.01192298889160E+0002 1.01055198669433E+0002 1.00925399780273E+0002 1.00849197387695E+0002 1.00770301818847E+0002 1.00559700012207E+0002 1.00220100402832E+0002 9.98279113769531E+0001 9.94319534301758E+0001 9.90555877685547E+0001 9.87107925415039E+0001 9.83978195190430E+0001 9.81084365844727E+0001 9.78307723999023E+0001 9.75606765747070E+0001 9.73184280395508E+0001
1.70141000918780E+0038 1.70141000918780E+0038 1.70141000918780E+0038 1.70141000918780E+0038 1.70141000918780E+0038 1.70141000918780E+0038 2.49987304687500E+0002 2.43328292846680E+0002 2.35358200073242E+0002 2.26104598999023E+0002 2.15697296142578E+0002 2.04391098022461E+0002 1.92595504760742E+0002 1.80006301879883E+0002 1.66729293823242E+0002 1.53391098022461E+0002 1.40491500854492E+0002 1.28466995239258E+0002 1.17774200439453E+0002 1.08993797302246E+0002 1.02955703735351E+0002 1.00622398376464E+0002 1.00851097106933E+0002 1.01064796447753E+0002 1.01096900939941E+0002 1.01016403198242E+0002 1.01133003234863E+0002 1.01313903808593E+0002 1.01265296936035E+0002 1.01035598754882E+0002 1.00742401123046E+0002 1.00413200378418E+0002 1.00067596435546E+0002 9.97301025390625E+0001 9.94125137329102E+0001 9.91141662597656E+0001 9.88198928833008E+0001 9.85134963989258E+0001 9.82167968750000E+0001
1.70141000918780E+0038 1.70141000918780E+0038 1.70141000918780E+0038 1.70141000918780E+0038 1.70141000918780E+0038 1.70141000918780E+0038 2.50488601684570E+0002 2.43940399169922E+0002 2.36305206298828E+0002 2.27601303100586E+0002 2.17917205810547E+0002 2.07429306030273E+0002 1.96426406860352E+0002 1.84608993530273E+0002 1.72065399169922E+0002 1.59298294067383E+0002 1.46697296142578E+0002 1.34629501342773E+0002 1.23531997680664E+0002 1.14007499694824E+0002 1.06923896789550E+0002 1.03170600891113E+0002 1.02051498413085E+0002 1.01599098205566E+0002 1.01094902038574E+0002 1.00716598510742E+0002 1.00929397583007E+0002 1.01323799133300E+0002 1.01388496398925E+0002 1.01316596984863E+0002 1.01229202270507E+0002 1.01064498901367E+0002 1.00829803466796E+0002 1.00560798645019E+0002 1.00288101196289E+0002 1.00037498474121E+0002 9.97984085083008E+0001 9.95177536010742E+0001 9.91980667114258E+0001
1.70141000918780E+0038 1.70141000918780E+0038 1.70141000918780E+0038 1.70141000918780E+0038 1.70141000918780E+0038 1.70141000918780E+0038 1.70141000918780E+0038 2.44637207031250E+0002 2.37308807373047E+0002 2.29138198852539E+0002 2.20186706542969E+0002 2.10562301635742E+0002 2.00436203002930E+0002 1.89513702392578E+0002 1.77866592407227E+0002 1.65865798950195E+0002 1.53792404174805E+0002 1.41975097656250E+0002 1.30877395629883E+0002 1.21128501892089E+0002 1.13486000061035E+0002 1.08468902587890E+0002 1.05592498779296E+0002 1.03636901855468E+0002 1.01956497192382E+0002 1.00925796508789E+0002 1.00710197448730E+0002 1.00867301940918E+0002 1.00901397705078E+0002 1.00994102478027E+0002 1.01172203063964E+0002 1.01251296997070E+0002 1.01205902099609E+0002 1.01047698974609E+0002 1.00843696594238E+0002 1.00684700012207E+0002 1.00578796386718E+0002 1.00398902893066E+0002 1.00077697753906E+0002
1.70141000918780E+0038 1.70141000918780E+0038 1.70141000918780E+0038 1.70141000918780E+0038 1.70141000918780E+0038 1.70141000918780E+0038 1.70141000918780E+0038 2.45388900756836E+0002 2.38314804077148E+0002 2.30623199462891E+0002 2.22362396240234E+0002 2.13588897705078E+0002 2.04372604370117E+0002 1.94425292968750E+0002 1.83802398681641E+0002 1.72726898193359E+0002 1.61353698730469E+0002 1.49996795654297E+0002 1.39171401977539E+0002 1.29494201660156E+0002 1.21542999267578E+0002 1.15582298278808E+0002 1.11275802612304E+0002 1.07919700622558E+0002 1.05128402709960E+0002 1.03036697387695E+0002 1.01701400756835E+0002 1.00937500000000E+0002 1.00512001037597E+0002 1.00487602233886E+0002 1.00739997863769E+0002 1.01062698364257E+0002 1.01251602172851E+0002 1.01180603027343E+0002 1.01013496398925E+0002 1.00949798583984E+0002 1.01004402160644E+0002 1.00973899841308E+0002 1.00651901245117E+0002
1.70141000918780E+0038 1.70141000918780E+0038 1.70141000918780E+0038 1.70141000918780E+0038 1.70141000918780E+0038 1.70141000918780E+0038 1.70141000918780E+0038 2.46067398071289E+0002 2.39165206909180E+0002 2.31856994628906E+0002 2.24190093994141E+0002 2.16188003540039E+0002 2.07845092773438E+0002 1.98882705688477E+0002 1.89347595214844E+0002 1.79295806884766E+0002 1.68708404541016E+0002 1.57918701171875E+0002 1.47527999877930E+0002 1.38122695922852E+0002 1.30129592895508E+0002 1.23677001953125E+0002 1.18523200988769E+0002 1.14241203308105E+0002 1.10565002441406E+0002 1.07470397949218E+0002 1.04947898864746E+0002 1.02947303771972E+0002 1.01509498596191E+0002 1.00732498168945E+0002 1.00527801513671E+0002 1.00823997497558E+0002 1.01197799682617E+0002 1.01133201599121E+0002 1.00951400756835E+0002 1.00933502197265E+0002 1.01030197143554E+0002 1.01032997131347E+0002 1.00766403198242E+0002
