БС9_1 [is development object]/2026_01_roma_bs9_1.grd
DSAA
332 524
 4.40533420000000E+0005  4.57133420000000E+0005
 7.07279546991900E+0006  7.09899546991900E+0006
 2.43534603118896E+0001  3.32915191650391E+0002
[rows 289 to 305 of 524, columns 39 to 77 of 332]
2.05151794433594E+0002 1.95428802490234E+0002 1.86136795043945E+0002 1.77397003173828E+0002 1.69269607543945E+0002 1.61806304931641E+0002 1.55095199584961E+0002 1.49249801635742E+0002 1.44255706787109E+0002 1.40037292480469E+0002 1.36832595825195E+0002 1.34651992797852E+0002 1.33390899658203E+0002 1.33065307617188E+0002 1.34396606445313E+0002 1.37807403564453E+0002 1.42724197387695E+0002 1.48478195190430E+0002 1.54421798706055E+0002 1.59906402587891E+0002 1.64345199584961E+0002 1.67460494995117E+0002 1.69081497192383E+0002 1.69247406005859E+0002 1.68110595703125E+0002 1.65901992797852E+0002 1.62914093017578E+0002 1.59374298095703E+0002 1.55315597534180E+0002 1.50781097412109E+0002 1.46095199584961E+0002 1.41808197021484E+0002 1.38358200073242E+0002 1.35982299804688E+0002 1.34737304687500E+0002 1.34564697265625E+0002 1.35637100219727E+0002 1.37781494140625E+0002 1.40407302856445E+0002
1.99680694580078E+0002 1.91435195922852E+0002 1.83500900268555E+0002 1.75985702514648E+0002 1.68916000366211E+0002 1.62305694580078E+0002 1.56236892700195E+0002 1.50822204589844E+0002 1.46037994384766E+0002 1.41821304321289E+0002 1.38416702270508E+0002 1.35862792968750E+0002 1.34132400512695E+0002 1.33524597167969E+0002 1.34912292480469E+0002 1.38146804809570E+0002 1.42470596313477E+0002 1.47267501831055E+0002 1.52035598754883E+0002 1.56352096557617E+0002 1.59796905517578E+0002 1.62098205566406E+0002 1.63221893310547E+0002 1.63260498046875E+0002 1.62318099975586E+0002 1.60522903442383E+0002 1.58119201660156E+0002 1.55319000244141E+0002 1.51904907226563E+0002 1.47714996337891E+0002 1.43206100463867E+0002 1.39199707031250E+0002 1.36355499267578E+0002 1.34902893066406E+0002 1.34798004150391E+0002 1.36136001586914E+0002 1.38743698120117E+0002 1.42126098632813E+0002 1.45817001342773E+0002
1.92952499389648E+0002 1.86252899169922E+0002 1.79763504028320E+0002 1.73591796875000E+0002 1.67736404418945E+0002 1.62160598754883E+0002 1.56947402954102E+0002 1.52195297241211E+0002 1.47859603881836E+0002 1.43912094116211E+0002 1.40606597900391E+0002 1.38041397094727E+0002 1.36326797485352E+0002 1.35836196899414E+0002 1.37036300659180E+0002 1.39745605468750E+0002 1.43329406738281E+0002 1.47211395263672E+0002 1.50954803466797E+0002 1.54245193481445E+0002 1.56788192749023E+0002 1.58384597778320E+0002 1.59130599975586E+0002 1.59191101074219E+0002 1.58633193969727E+0002 1.57442703247070E+0002 1.55727401733398E+0002 1.53658905029297E+0002 1.50614303588867E+0002 1.46272201538086E+0002 1.41454696655273E+0002 1.37436203002930E+0002 1.35223907470703E+0002 1.34959503173828E+0002 1.36365295410156E+0002 1.39377502441406E+0002 1.43570098876953E+0002 1.48233093261719E+0002 1.53026306152344E+0002
1.85447402954102E+0002 1.80213699340820E+0002 1.75110702514648E+0002 1.70261199951172E+0002 1.65667495727539E+0002 1.61273895263672E+0002 1.57134704589844E+0002 1.53294494628906E+0002 1.49669601440430E+0002 1.46282592773438E+0002 1.43389892578125E+0002 1.41137298583984E+0002 1.39690902709961E+0002 1.39322097778320E+0002 1.40239898681641E+0002 1.42300003051758E+0002 1.45069900512695E+0002 1.48079406738281E+0002 1.50933395385742E+0002 1.53345703125000E+0002 1.55111297607422E+0002 1.56143905639648E+0002 1.56643402099609E+0002 1.56861099243164E+0002 1.56874099731445E+0002 1.56558502197266E+0002 1.55834899902344E+0002 1.54417892456055E+0002 1.51244903564453E+0002 1.46205398559570E+0002 1.40694503784180E+0002 1.36427093505859E+0002 1.34830200195313E+0002 1.35809005737305E+0002 1.38718002319336E+0002 1.43391906738281E+0002 1.49226196289063E+0002 1.55307693481445E+0002 1.61449295043945E+0002
1.77688507080078E+0002 1.73684600830078E+0002 1.69766601562500E+0002 1.66093200683594E+0002 1.62707000732422E+0002 1.59578598022461E+0002 1.56692001342773E+0002 1.53992095947266E+0002 1.51327102661133E+0002 1.48762100219727E+0002 1.46517303466797E+0002 1.44735397338867E+0002 1.43577392578125E+0002 1.43238494873047E+0002 1.43832992553711E+0002 1.45268203735352E+0002 1.47268005371094E+0002 1.49486297607422E+0002 1.51576293945313E+0002 1.53251007080078E+0002 1.54378997802734E+0002 1.54995300292969E+0002 1.55352600097656E+0002 1.55733703613281E+0002 1.56227401733398E+0002 1.56667999267578E+0002 1.56788696289063E+0002 1.55808898925781E+0002 1.52250106811523E+0002 1.46475601196289E+0002 1.40452301025391E+0002 1.36093795776367E+0002 1.34932296752930E+0002 1.36789093017578E+0002 1.40891204833984E+0002 1.46942001342773E+0002 1.54304595947266E+0002 1.61970901489258E+0002 1.69822204589844E+0002
1.70186798095703E+0002 1.67018295288086E+0002 1.63967605590820E+0002 1.61251098632813E+0002 1.58957595825195E+0002 1.57073104858398E+0002 1.55516601562500E+0002 1.54113494873047E+0002 1.52609603881836E+0002 1.51074005126953E+0002 1.49629196166992E+0002 1.48362396240234E+0002 1.47428604125977E+0002 1.47029907226563E+0002 1.47296203613281E+0002 1.48185394287109E+0002 1.49511993408203E+0002 1.51029800415039E+0002 1.52459106445313E+0002 1.53518707275391E+0002 1.54138198852539E+0002 1.54439300537109E+0002 1.54659393310547E+0002 1.55024902343750E+0002 1.55585006713867E+0002 1.56154998779297E+0002 1.56304199218750E+0002 1.55102294921875E+0002 1.51382995605469E+0002 1.45675598144531E+0002 1.39906600952148E+0002 1.35936401367188E+0002 1.35118301391602E+0002 1.37522705078125E+0002 1.42420501708984E+0002 1.49359893798828E+0002 1.57851303100586E+0002 1.67198394775391E+0002 1.77050598144531E+0002
1.63339294433594E+0002 1.60474700927734E+0002 1.57903305053711E+0002 1.55881195068359E+0002 1.54508697509766E+0002 1.53759902954102E+0002 1.53497406005859E+0002 1.53438796997070E+0002 1.53216796875000E+0002 1.52857192993164E+0002 1.52311996459961E+0002 1.51563995361328E+0002 1.50787902832031E+0002 1.50278900146484E+0002 1.50265594482422E+0002 1.50730300903320E+0002 1.51498703002930E+0002 1.52387405395508E+0002 1.53205307006836E+0002 1.53751998901367E+0002 1.53977706909180E+0002 1.53993896484375E+0002 1.53960601806641E+0002 1.54019302368164E+0002 1.54170806884766E+0002 1.54204193115234E+0002 1.53659500122070E+0002 1.51813095092773E+0002 1.48120498657227E+0002 1.43115203857422E+0002 1.38285003662109E+0002 1.35204696655273E+0002 1.34974899291992E+0002 1.37827301025391E+0002 1.43241699218750E+0002 1.50767303466797E+0002 1.60164794921875E+0002 1.70983795166016E+0002 1.82653198242188E+0002
1.57257598876953E+0002 1.54147003173828E+0002 1.51704605102539E+0002 1.50137207031250E+0002 1.49488494873047E+0002 1.49688598632813E+0002 1.50553497314453E+0002 1.51731002807617E+0002 1.52772506713867E+0002 1.53637207031250E+0002 1.54044494628906E+0002 1.53825698852539E+0002 1.53226806640625E+0002 1.52662796020508E+0002 1.52493103027344E+0002 1.52685592651367E+0002 1.53020294189453E+0002 1.53358398437500E+0002 1.53621398925781E+0002 1.53723800659180E+0002 1.53623092651367E+0002 1.53345794677734E+0002 1.52931198120117E+0002 1.52448898315430E+0002 1.51860992431641E+0002 1.50973297119141E+0002 1.49445999145508E+0002 1.46897003173828E+0002 1.43225006103516E+0002 1.38983001708984E+0002 1.35290298461914E+0002 1.33333694458008E+0002 1.33918594360352E+0002 1.37342803955078E+0002 1.43296096801758E+0002 1.51414093017578E+0002 1.61586395263672E+0002 1.73474792480469E+0002 1.86430297851563E+0002
1.51628799438477E+0002 1.47991592407227E+0002 1.45537399291992E+0002 1.44297500610352E+0002 1.44190505981445E+0002 1.45081893920898E+0002 1.46759796142578E+0002 1.48853698730469E+0002 1.50895797729492E+0002 1.52808593750000E+0002 1.54098800659180E+0002 1.54418701171875E+0002 1.54181793212891E+0002 1.53831802368164E+0002 1.53688796997070E+0002 1.53779098510742E+0002 1.53849899291992E+0002 1.53776397705078E+0002 1.53600997924805E+0002 1.53337493896484E+0002 1.52957901000977E+0002 1.52405700683594E+0002 1.51598999023438E+0002 1.50515304565430E+0002 1.49084396362305E+0002 1.47171997070313E+0002 1.44622299194336E+0002 1.41366104125977E+0002 1.37603103637695E+0002 1.33928604125977E+0002 1.31223907470703E+0002 1.30325500488281E+0002 1.31782196044922E+0002 1.35903198242188E+0002 1.42495300292969E+0002 1.51277999877930E+0002 1.62082107543945E+0002 1.74597793579102E+0002 1.88243301391602E+0002
1.45873703002930E+0002 1.41965896606445E+0002 1.39672698974609E+0002 1.38781402587891E+0002 1.39070495605469E+0002 1.40355804443359E+0002 1.42427093505859E+0002 1.44940002441406E+0002 1.47455398559570E+0002 1.49880798339844E+0002 1.51695999145508E+0002 1.52552398681641E+0002 1.52884002685547E+0002 1.53040603637695E+0002 1.53225799560547E+0002 1.53542297363281E+0002 1.53678497314453E+0002 1.53492401123047E+0002 1.53140396118164E+0002 1.52695098876953E+0002 1.52163299560547E+0002 1.51443405151367E+0002 1.50350692749023E+0002 1.48738601684570E+0002 1.46511596679688E+0002 1.43618606567383E+0002 1.40088806152344E+0002 1.36109405517578E+0002 1.32108596801758E+0002 1.28753097534180E+0002 1.26785400390625E+0002 1.26756500244140E+0002 1.28986495971680E+0002 1.33754501342773E+0002 1.40909606933594E+0002 1.50211593627930E+0002 1.61429992675781E+0002 1.74229995727539E+0002 1.88073806762695E+0002
1.39406005859375E+0002 1.35880096435547E+0002 1.34118392944336E+0002 1.33668899536133E+0002 1.34237503051758E+0002 1.35648696899414E+0002 1.37729904174805E+0002 1.40197006225586E+0002 1.42668502807617E+0002 1.45041107177734E+0002 1.46936904907227E+0002 1.48181900024414E+0002 1.49049392700195E+0002 1.49830001831055E+0002 1.50688003540039E+0002 1.51628005981445E+0002 1.52311203002930E+0002 1.52557006835938E+0002 1.52486297607422E+0002 1.52183197021484E+0002 1.51742004394531E+0002 1.51044097900391E+0002 1.49767807006836E+0002 1.47668106079102E+0002 1.44655303955078E+0002 1.40778198242188E+0002 1.36236206054688E+0002 1.31426498413086E+0002 1.26976402282714E+0002 1.23667701721191E+0002 1.22181800842285E+0002 1.22808898925781E+0002 1.25619598388671E+0002 1.30831497192383E+0002 1.38314193725586E+0002 1.47863296508789E+0002 1.59217605590820E+0002 1.72006896972656E+0002 1.85698699951172E+0002
1.32709899902344E+0002 1.30338806152344E+0002 1.29482498168945E+0002 1.29483703613281E+0002 1.30158203125000E+0002 1.31419403076172E+0002 1.33164398193359E+0002 1.35205398559570E+0002 1.37258407592773E+0002 1.39227005004883E+0002 1.40880096435547E+0002 1.42178497314453E+0002 1.43378402709961E+0002 1.44785598754883E+0002 1.46515197753906E+0002 1.48418594360352E+0002 1.50139205932617E+0002 1.51408004760742E+0002 1.52148498535156E+0002 1.52390701293945E+0002 1.52343505859375E+0002 1.51917495727539E+0002 1.50612396240234E+0002 1.48127700805664E+0002 1.44412002563477E+0002 1.39611495971680E+0002 1.34060104370117E+0002 1.28308105468750E+0002 1.23148902893066E+0002 1.19536697387695E+0002 1.18199401855468E+0002 1.19163002014160E+0002 1.22189002990722E+0002 1.27434898376464E+0002 1.34841506958008E+0002 1.44257995605469E+0002 1.55409500122070E+0002 1.67892303466797E+0002 1.81164398193359E+0002
1.27311096191406E+0002 1.26603302001953E+0002 1.26658996582031E+0002 1.26826797485351E+0002 1.27339797973632E+0002 1.28193603515625E+0002 1.29345703125000E+0002 1.30722503662109E+0002 1.32154800415039E+0002 1.33537704467773E+0002 1.34722793579102E+0002 1.35760894775391E+0002 1.37036300659180E+0002 1.39008697509766E+0002 1.41751602172852E+0002 1.44941406250000E+0002 1.48103302001953E+0002 1.50827102661133E+0002 1.52851806640625E+0002 1.54100204467773E+0002 1.54768203735352E+0002 1.54757507324219E+0002 1.53524505615234E+0002 1.50765106201172E+0002 1.46471801757813E+0002 1.40869995117188E+0002 1.34389404296875E+0002 1.27673599243164E+0002 1.21615196228027E+0002 1.17346298217773E+0002 1.15786102294921E+0002 1.16647300720214E+0002 1.19323898315429E+0002 1.24017097473144E+0002 1.30837997436523E+0002 1.39687194824219E+0002 1.50269104003906E+0002 1.62150405883789E+0002 1.74779205322266E+0002
1.24895698547363E+0002 1.25639900207519E+0002 1.26024200439453E+0002 1.25921096801757E+0002 1.26043701171875E+0002 1.26350502014160E+0002 1.26804801940918E+0002 1.27456100463867E+0002 1.28226303100586E+0002 1.28982604980469E+0002 1.29621093750000E+0002 1.30182998657227E+0002 1.31245101928711E+0002 1.33699600219727E+0002 1.37564102172852E+0002 1.42252304077148E+0002 1.47097198486328E+0002 1.51537506103516E+0002 1.55162506103516E+0002 1.57756393432617E+0002 1.59379302978516E+0002 1.59890502929688E+0002 1.58809600830078E+0002 1.55882003784180E+0002 1.51148605346680E+0002 1.44902206420898E+0002 1.37646697998047E+0002 1.30088592529297E+0002 1.23160797119140E+0002 1.18044898986816E+0002 1.15803298950195E+0002 1.15876502990722E+0002 1.17439002990722E+0002 1.20940498352050E+0002 1.26682800292968E+0002 1.34546005249023E+0002 1.44199401855469E+0002 1.55193405151367E+0002 1.66977706909180E+0002
1.25055000305175E+0002 1.25946296691894E+0002 1.26215103149414E+0002 1.26005500793457E+0002 1.25928802490234E+0002 1.25837402343750E+0002 1.25764297485351E+0002 1.25874298095703E+0002 1.26127998352050E+0002 1.26359199523925E+0002 1.26598396301269E+0002 1.26701499938964E+0002 1.27208602905273E+0002 1.30036804199219E+0002 1.35019302368164E+0002 1.41213500976563E+0002 1.47761505126953E+0002 1.53969696044922E+0002 1.59287506103516E+0002 1.63332305908203E+0002 1.66021697998047E+0002 1.67187194824219E+0002 1.66370101928711E+0002 1.63384201049805E+0002 1.58336502075195E+0002 1.51589401245117E+0002 1.43716293334961E+0002 1.35478698730469E+0002 1.27824302673339E+0002 1.21839401245117E+0002 1.18292900085449E+0002 1.16739700317382E+0002 1.16525100708007E+0002 1.18436096191406E+0002 1.22755500793457E+0002 1.29277099609375E+0002 1.37669799804688E+0002 1.47503692626953E+0002 1.58250701904297E+0002
1.25804603576660E+0002 1.26012702941894E+0002 1.26001998901367E+0002 1.25977897644043E+0002 1.26010498046875E+0002 1.25901100158691E+0002 1.25846397399902E+0002 1.25931297302246E+0002 1.26109100341796E+0002 1.26198196411132E+0002 1.26299301147460E+0002 1.26055702209472E+0002 1.25916999816894E+0002 1.29033996582031E+0002 1.34902206420898E+0002 1.42339401245117E+0002 1.50377197265625E+0002 1.58207199096680E+0002 1.65131500244141E+0002 1.70590393066406E+0002 1.74368103027344E+0002 1.76261795043945E+0002 1.75796905517578E+0002 1.72837493896484E+0002 1.67559906005859E+0002 1.60398101806641E+0002 1.51987701416016E+0002 1.43118804931641E+0002 1.34686492919922E+0002 1.27565101623535E+0002 1.22268096923828E+0002 1.18645599365234E+0002 1.16594100952148E+0002 1.16854400634765E+0002 1.19505699157714E+0002 1.24366798400878E+0002 1.31189895629883E+0002 1.39600906372070E+0002 1.49115295410156E+0002
1.25905998229980E+0002 1.25954696655273E+0002 1.25932601928710E+0002 1.26021102905273E+0002 1.26112701416015E+0002 1.26250900268554E+0002 1.26642997741699E+0002 1.27235801696777E+0002 1.27992897033691E+0002 1.28653701782227E+0002 1.28734802246094E+0002 1.27915702819824E+0002 1.27871902465820E+0002 1.31112304687500E+0002 1.37371002197266E+0002 1.45595901489258E+0002 1.54774505615234E+0002 1.63974899291992E+0002 1.72331802368164E+0002 1.79100402832031E+0002 1.83924301147461E+0002 1.86547302246094E+0002 1.86462799072266E+0002 1.83563705444336E+0002 1.78085693359375E+0002 1.70531906127930E+0002 1.61593200683594E+0002 1.52065200805664E+0002 1.42762405395508E+0002 1.34396697998047E+0002 1.27419502258300E+0002 1.22010002136230E+0002 1.18313796997070E+0002 1.16746498107910E+0002 1.17431900024414E+0002 1.20329101562500E+0002 1.25300697326660E+0002 1.32035400390625E+0002 1.40109497070313E+0002
