БС9_1 [is development object]/2026_01_roma_bs9_1.grd
DSAA
332 524
 4.40533420000000E+0005  4.57133420000000E+0005
 7.07279546991900E+0006  7.09899546991900E+0006
 2.43534603118896E+0001  3.32915191650391E+0002
[rows 272 to 288 of 524, columns 234 to 272 of 332]
2.76068206787109E+0002 2.77238586425781E+0002 2.77804107666016E+0002 2.77950988769531E+0002 2.77731811523438E+0002 2.77281799316406E+0002 2.76925292968750E+0002 2.76939208984375E+0002 2.77145690917969E+0002 2.77339691162109E+0002 2.77472412109375E+0002 2.77489410400391E+0002 2.77388000488281E+0002 2.77283203125000E+0002 2.77256195068359E+0002 2.77333312988281E+0002 2.77477111816406E+0002 2.77430786132813E+0002 2.77327514648438E+0002 2.77409210205078E+0002 2.77608886718750E+0002 2.77553009033203E+0002 2.77022888183594E+0002 2.76745513916016E+0002 2.77451599121094E+0002 2.78242889404297E+0002 2.78308013916016E+0002 2.77784088134766E+0002 2.77118591308594E+0002 2.76664001464844E+0002 2.76618988037109E+0002 2.77046691894531E+0002 2.77775909423828E+0002 2.78315490722656E+0002 2.77872314453125E+0002 2.76149200439453E+0002 2.74394714355469E+0002 2.73555511474609E+0002 2.73408508300781E+0002
2.77250000000000E+0002 2.77832214355469E+0002 2.77958587646484E+0002 2.77802490234375E+0002 2.77402404785156E+0002 2.76886810302734E+0002 2.76523895263672E+0002 2.76485412597656E+0002 2.76649597167969E+0002 2.76845306396484E+0002 2.77028808593750E+0002 2.77132690429688E+0002 2.77106506347656E+0002 2.76969604492188E+0002 2.76768096923828E+0002 2.76665893554688E+0002 2.76817901611328E+0002 2.77021911621094E+0002 2.77260803222656E+0002 2.77615295410156E+0002 2.77869598388672E+0002 2.77713714599609E+0002 2.77141387939453E+0002 2.76742401123047E+0002 2.77042785644531E+0002 2.77666687011719E+0002 2.78006896972656E+0002 2.77939788818359E+0002 2.77683013916016E+0002 2.77475494384766E+0002 2.77478912353516E+0002 2.77756988525391E+0002 2.78198699951172E+0002 2.78479888916016E+0002 2.78175994873047E+0002 2.77183685302734E+0002 2.76065704345703E+0002 2.75386199951172E+0002 2.75153686523438E+0002
2.77884490966797E+0002 2.78089508056641E+0002 2.77967590332031E+0002 2.77671508789063E+0002 2.77230590820313E+0002 2.76752899169922E+0002 2.76427093505859E+0002 2.76349212646484E+0002 2.76455902099609E+0002 2.76634490966797E+0002 2.76821411132813E+0002 2.76957885742188E+0002 2.76997314453125E+0002 2.76928894042969E+0002 2.76758789062500E+0002 2.76583312988281E+0002 2.76548004150391E+0002 2.76651306152344E+0002 2.76897399902344E+0002 2.77273498535156E+0002 2.77526794433594E+0002 2.77445892333984E+0002 2.77095397949219E+0002 2.76838897705078E+0002 2.76969512939453E+0002 2.77359497070313E+0002 2.77690612792969E+0002 2.77810089111328E+0002 2.77776702880859E+0002 2.77705993652344E+0002 2.77685913085938E+0002 2.77740600585938E+0002 2.77798187255859E+0002 2.77728607177734E+0002 2.77493896484375E+0002 2.77121612548828E+0002 2.76687500000000E+0002 2.76387207031250E+0002 2.76270904541016E+0002
2.78050994873047E+0002 2.78051391601563E+0002 2.77836914062500E+0002 2.77527801513672E+0002 2.77144012451172E+0002 2.76764312744141E+0002 2.76512084960938E+0002 2.76444000244141E+0002 2.76527099609375E+0002 2.76684906005859E+0002 2.76852294921875E+0002 2.76988311767578E+0002 2.77070800781250E+0002 2.77084503173828E+0002 2.76996307373047E+0002 2.76793487548828E+0002 2.76618804931641E+0002 2.76580810546875E+0002 2.76712310791016E+0002 2.76959411621094E+0002 2.77150207519531E+0002 2.77153198242188E+0002 2.77009613037109E+0002 2.76904785156250E+0002 2.76983398437500E+0002 2.77206390380859E+0002 2.77437896728516E+0002 2.77577697753906E+0002 2.77618103027344E+0002 2.77591705322266E+0002 2.77523986816406E+0002 2.77412414550781E+0002 2.77227386474609E+0002 2.76973693847656E+0002 2.76808898925781E+0002 2.76808807373047E+0002 2.76824005126953E+0002 2.76841308593750E+0002 2.76881195068359E+0002
2.77910888671875E+0002 2.77829986572266E+0002 2.77625610351563E+0002 2.77374786376953E+0002 2.77089294433594E+0002 2.76824188232422E+0002 2.76658294677734E+0002 2.76626403808594E+0002 2.76709503173828E+0002 2.76850189208984E+0002 2.76987792968750E+0002 2.77099090576172E+0002 2.77179412841797E+0002 2.77210601806641E+0002 2.77148986816406E+0002 2.76974609375000E+0002 2.76779602050781E+0002 2.76672912597656E+0002 2.76696990966797E+0002 2.76814208984375E+0002 2.76928100585938E+0002 2.76964385986328E+0002 2.76934387207031E+0002 2.76916595458984E+0002 2.76975189208984E+0002 2.77101806640625E+0002 2.77241607666016E+0002 2.77342712402344E+0002 2.77384613037109E+0002 2.77363494873047E+0002 2.77276000976563E+0002 2.77118286132813E+0002 2.76900207519531E+0002 2.76686889648438E+0002 2.76613494873047E+0002 2.76719299316406E+0002 2.76890197753906E+0002 2.77054901123047E+0002 2.77202697753906E+0002
2.77641510009766E+0002 2.77545013427734E+0002 2.77394989013672E+0002 2.77224792480469E+0002 2.77039703369141E+0002 2.76877685546875E+0002 2.76787414550781E+0002 2.76789703369141E+0002 2.76871704101563E+0002 2.76991302490234E+0002 2.77095886230469E+0002 2.77173797607422E+0002 2.77225402832031E+0002 2.77234802246094E+0002 2.77175292968750E+0002 2.77046600341797E+0002 2.76895690917969E+0002 2.76787597656250E+0002 2.76758697509766E+0002 2.76795013427734E+0002 2.76849700927734E+0002 2.76883514404297E+0002 2.76893310546875E+0002 2.76906799316406E+0002 2.76949188232422E+0002 2.77019287109375E+0002 2.77095001220703E+0002 2.77153106689453E+0002 2.77178985595703E+0002 2.77160095214844E+0002 2.77088287353516E+0002 2.76967803955078E+0002 2.76825012207031E+0002 2.76719390869141E+0002 2.76719085693359E+0002 2.76828094482422E+0002 2.76987396240234E+0002 2.77159912109375E+0002 2.77338714599609E+0002
2.77367309570313E+0002 2.77285308837891E+0002 2.77195587158203E+0002 2.77098388671875E+0002 2.76994384765625E+0002 2.76909698486328E+0002 2.76871612548828E+0002 2.76890991210938E+0002 2.76958709716797E+0002 2.77046600341797E+0002 2.77122711181641E+0002 2.77174987792969E+0002 2.77201293945313E+0002 2.77192199707031E+0002 2.77139312744141E+0002 2.77051788330078E+0002 2.76953491210938E+0002 2.76874603271484E+0002 2.76836700439453E+0002 2.76837707519531E+0002 2.76857788085938E+0002 2.76877288818359E+0002 2.76890594482422E+0002 2.76905700683594E+0002 2.76931213378906E+0002 2.76966308593750E+0002 2.77000885009766E+0002 2.77027313232422E+0002 2.77039489746094E+0002 2.77026885986328E+0002 2.76985290527344E+0002 2.76923095703125E+0002 2.76864288330078E+0002 2.76843688964844E+0002 2.76883514404297E+0002 2.76963104248047E+0002 2.77049804687500E+0002 2.77156402587891E+0002 2.77303192138672E+0002
2.77158111572266E+0002 2.77101013183594E+0002 2.77058807373047E+0002 2.77014312744141E+0002 2.76965515136719E+0002 2.76929107666016E+0002 2.76918914794922E+0002 2.76940002441406E+0002 2.76986389160156E+0002 2.77042907714844E+0002 2.77092987060547E+0002 2.77126586914063E+0002 2.77138885498047E+0002 2.77125396728516E+0002 2.77085906982422E+0002 2.77031707763672E+0002 2.76976501464844E+0002 2.76931304931641E+0002 2.76904785156250E+0002 2.76898010253906E+0002 2.76903106689453E+0002 2.76910095214844E+0002 2.76914886474609E+0002 2.76920288085938E+0002 2.76929901123047E+0002 2.76942687988281E+0002 2.76953491210938E+0002 2.76960205078125E+0002 2.76963287353516E+0002 2.76957611083984E+0002 2.76941986083984E+0002 2.76923889160156E+0002 2.76917694091797E+0002 2.76936187744141E+0002 2.76976715087891E+0002 2.77011291503906E+0002 2.77022308349609E+0002 2.77045898437500E+0002 2.77127685546875E+0002
2.77039794921875E+0002 2.77006713867188E+0002 2.76994110107422E+0002 2.76980712890625E+0002 2.76963012695313E+0002 2.76950988769531E+0002 2.76950714111328E+0002 2.76964294433594E+0002 2.76989410400391E+0002 2.77019500732422E+0002 2.77047302246094E+0002 2.77066711425781E+0002 2.77072906494141E+0002 2.77063507080078E+0002 2.77040405273438E+0002 2.77011810302734E+0002 2.76986297607422E+0002 2.76966400146484E+0002 2.76954315185547E+0002 2.76950988769531E+0002 2.76952514648438E+0002 2.76952392578125E+0002 2.76947814941406E+0002 2.76941802978516E+0002 2.76937988281250E+0002 2.76936187744141E+0002 2.76933685302734E+0002 2.76931213378906E+0002 2.76931304931641E+0002 2.76932312011719E+0002 2.76934112548828E+0002 2.76940002441406E+0002 2.76954895019531E+0002 2.76977813720703E+0002 2.76993499755859E+0002 2.76980712890625E+0002 2.76937408447266E+0002 2.76897308349609E+0002 2.76914398193359E+0002
2.77003295898438E+0002 2.76987487792969E+0002 2.76989196777344E+0002 2.76989898681641E+0002 2.76985595703125E+0002 2.76981811523438E+0002 2.76980987548828E+0002 2.76984405517578E+0002 2.76991790771484E+0002 2.77001800537109E+0002 2.77012603759766E+0002 2.77021392822266E+0002 2.77024902343750E+0002 2.77021087646484E+0002 2.77011596679688E+0002 2.77000396728516E+0002 2.76992004394531E+0002 2.76986114501953E+0002 2.76983398437500E+0002 2.76984588623047E+0002 2.76987091064453E+0002 2.76984405517578E+0002 2.76973510742188E+0002 2.76959014892578E+0002 2.76945495605469E+0002 2.76934387207031E+0002 2.76925689697266E+0002 2.76922088623047E+0002 2.76926300048828E+0002 2.76936889648438E+0002 2.76951904296875E+0002 2.76970092773438E+0002 2.76989593505859E+0002 2.77002807617188E+0002 2.76992706298828E+0002 2.76945404052734E+0002 2.76867492675781E+0002 2.76790985107422E+0002 2.76761505126953E+0002
2.77014892578125E+0002 2.77008911132813E+0002 2.77014587402344E+0002 2.77018585205078E+0002 2.77017395019531E+0002 2.77014007568359E+0002 2.77009613037109E+0002 2.77005004882813E+0002 2.77001098632813E+0002 2.76998596191406E+0002 2.76998413085938E+0002 2.77000000000000E+0002 2.77001190185547E+0002 2.77000488281250E+0002 2.76998413085938E+0002 2.76995910644531E+0002 2.76994903564453E+0002 2.76994506835938E+0002 2.76995300292969E+0002 2.76997985839844E+0002 2.77000885009766E+0002 2.76997802734375E+0002 2.76984985351563E+0002 2.76967193603516E+0002 2.76948791503906E+0002 2.76932800292969E+0002 2.76922790527344E+0002 2.76924102783203E+0002 2.76939208984375E+0002 2.76964508056641E+0002 2.76994293212891E+0002 2.77022399902344E+0002 2.77042388916016E+0002 2.77044494628906E+0002 2.77015289306641E+0002 2.76947387695313E+0002 2.76851409912109E+0002 2.76756591796875E+0002 2.76696899414063E+0002
2.77032012939453E+0002 2.77029510498047E+0002 2.77034393310547E+0002 2.77036987304688E+0002 2.77035400390625E+0002 2.77031311035156E+0002 2.77025299072266E+0002 2.77018188476563E+0002 2.77010711669922E+0002 2.77004089355469E+0002 2.76999511718750E+0002 2.76997192382813E+0002 2.76996307373047E+0002 2.76996002197266E+0002 2.76996002197266E+0002 2.76996093750000E+0002 2.76996704101563E+0002 2.76997100830078E+0002 2.76997802734375E+0002 2.76999389648438E+0002 2.77000610351563E+0002 2.76997406005859E+0002 2.76986785888672E+0002 2.76970611572266E+0002 2.76951812744141E+0002 2.76934814453125E+0002 2.76926605224609E+0002 2.76936401367188E+0002 2.76967407226563E+0002 2.77012512207031E+0002 2.77059906005859E+0002 2.77098907470703E+0002 2.77120086669922E+0002 2.77113891601563E+0002 2.77071594238281E+0002 2.76992401123047E+0002 2.76890106201172E+0002 2.76790802001953E+0002 2.76720214843750E+0002
2.77025604248047E+0002 2.77023010253906E+0002 2.77025787353516E+0002 2.77027099609375E+0002 2.77025695800781E+0002 2.77023010253906E+0002 2.77019287109375E+0002 2.77014801025391E+0002 2.77010192871094E+0002 2.77006011962891E+0002 2.77002502441406E+0002 2.77000213623047E+0002 2.76998809814453E+0002 2.76998291015625E+0002 2.76998199462891E+0002 2.76998413085938E+0002 2.76998596191406E+0002 2.76998504638672E+0002 2.76998504638672E+0002 2.76998992919922E+0002 2.76998992919922E+0002 2.76996185302734E+0002 2.76988800048828E+0002 2.76976593017578E+0002 2.76961608886719E+0002 2.76948211669922E+0002 2.76945007324219E+0002 2.76964691162109E+0002 2.77013488769531E+0002 2.77078887939453E+0002 2.77142913818359E+0002 2.77191192626953E+0002 2.77212890625000E+0002 2.77199798583984E+0002 2.77147796630859E+0002 2.77062286376953E+0002 2.76960388183594E+0002 2.76866607666016E+0002 2.76801300048828E+0002
2.77002807617188E+0002 2.76999694824219E+0002 2.77001312255859E+0002 2.77002288818359E+0002 2.77002197265625E+0002 2.77002014160156E+0002 2.77001708984375E+0002 2.77001312255859E+0002 2.77001007080078E+0002 2.77000701904297E+0002 2.77000396728516E+0002 2.77000213623047E+0002 2.77000000000000E+0002 2.77000000000000E+0002 2.76999908447266E+0002 2.76999908447266E+0002 2.76999786376953E+0002 2.76999511718750E+0002 2.76999298095703E+0002 2.76999511718750E+0002 2.76999389648438E+0002 2.76997711181641E+0002 2.76993804931641E+0002 2.76987915039063E+0002 2.76981811523438E+0002 2.76979400634766E+0002 2.76988189697266E+0002 2.77020202636719E+0002 2.77082702636719E+0002 2.77160491943359E+0002 2.77232788085938E+0002 2.77283813476563E+0002 2.77302001953125E+0002 2.77280303955078E+0002 2.77218688964844E+0002 2.77127105712891E+0002 2.77026214599609E+0002 2.76940704345703E+0002 2.76887512207031E+0002
2.76999511718750E+0002 2.76997497558594E+0002 2.76999114990234E+0002 2.77000000000000E+0002 2.77000000000000E+0002 2.77000000000000E+0002 2.77000000000000E+0002 2.77000000000000E+0002 2.77000000000000E+0002 2.77000000000000E+0002 2.77000000000000E+0002 2.77000000000000E+0002 2.77000000000000E+0002 2.77000000000000E+0002 2.77000000000000E+0002 2.77000000000000E+0002 2.77000000000000E+0002 2.76999694824219E+0002 2.76999389648438E+0002 2.76999206542969E+0002 2.76998992919922E+0002 2.76998687744141E+0002 2.76999389648438E+0002 2.77002807617188E+0002 2.77010803222656E+0002 2.77026306152344E+0002 2.77054595947266E+0002 2.77101715087891E+0002 2.77170684814453E+0002 2.77249389648438E+0002 2.77319000244141E+0002 2.77363586425781E+0002 2.77371887207031E+0002 2.77338104248047E+0002 2.77263793945313E+0002 2.77162200927734E+0002 2.77057312011719E+0002 2.76975006103516E+0002 2.76929687500000E+0002
2.76998596191406E+0002 2.76997711181641E+0002 2.76999206542969E+0002 2.77000000000000E+0002 2.77000000000000E+0002 2.77000000000000E+0002 2.77000000000000E+0002 2.77000000000000E+0002 2.77000000000000E+0002 2.77000000000000E+0002 2.77000000000000E+0002 2.77000000000000E+0002 2.77000000000000E+0002 2.77000000000000E+0002 2.77000000000000E+0002 2.77000000000000E+0002 2.77000213623047E+0002 2.76999908447266E+0002 2.76998901367188E+0002 2.76997589111328E+0002 2.76996612548828E+0002 2.76997589111328E+0002 2.77003112792969E+0002 2.77016601562500E+0002 2.77040191650391E+0002 2.77075500488281E+0002 2.77123687744141E+0002 2.77183990478516E+0002 2.77255615234375E+0002 2.77328399658203E+0002 2.77386413574219E+0002 2.77415588378906E+0002 2.77406799316406E+0002 2.77355285644531E+0002 2.77262695312500E+0002 2.77143493652344E+0002 2.77025787353516E+0002 2.76937713623047E+0002 2.76890899658203E+0002
2.76997985839844E+0002 2.76997985839844E+0002 2.76999389648438E+0002 2.77000000000000E+0002 2.77000000000000E+0002 2.77000000000000E+0002 2.77000000000000E+0002 2.77000000000000E+0002 2.77000000000000E+0002 2.77000000000000E+0002 2.77000000000000E+0002 2.77000000000000E+0002 2.77000000000000E+0002 2.77000000000000E+0002 2.77000000000000E+0002 2.77000000000000E+0002 2.76999908447266E+0002 2.76998901367188E+0002 2.76996307373047E+0002 2.76993011474609E+0002 2.76990692138672E+0002 2.76992309570313E+0002 2.77001892089844E+0002 2.77023803710938E+0002 2.77060302734375E+0002 2.77111602783203E+0002 2.77174804687500E+0002 2.77243011474609E+0002 2.77312286376953E+0002 2.77372497558594E+0002 2.77409301757813E+0002 2.77412200927734E+0002 2.77375488281250E+0002 2.77297698974609E+0002 2.77179412841797E+0002 2.77033599853516E+0002 2.76894287109375E+0002 2.76791992187500E+0002 2.76735107421875E+0002
