БС9_1 [is development object]/2026_01_roma_bs9_1.grd
DSAA
332 524
 4.40533420000000E+0005  4.57133420000000E+0005
 7.07279546991900E+0006  7.09899546991900E+0006
 2.43534603118896E+0001  3.32915191650391E+0002
[rows 306 to 322 of 524, columns 273 to 311 of 332]
2.69959594726563E+0002 2.70074493408203E+0002 2.70246612548828E+0002 2.70471191406250E+0002 2.70740509033203E+0002 2.71044891357422E+0002 2.71373291015625E+0002 2.71713989257813E+0002 2.72055206298828E+0002 2.72385711669922E+0002 2.72695587158203E+0002 2.72977294921875E+0002 2.73242187500000E+0002 2.73541412353516E+0002 2.73855499267578E+0002 2.74161193847656E+0002 2.74439514160156E+0002 2.74676086425781E+0002 2.74861907958984E+0002 2.74992614746094E+0002 2.75069213867188E+0002 2.75097198486328E+0002 2.75086303710938E+0002 2.75049591064453E+0002 2.75002105712891E+0002 2.74951293945313E+0002 2.74897003173828E+0002 2.74839813232422E+0002 2.74781707763672E+0002 2.74725189208984E+0002 2.74673095703125E+0002 2.74628112792969E+0002 2.74592285156250E+0002 1.70141000918780E+0038 1.70141000918780E+0038 1.70141000918780E+0038 1.70141000918780E+0038 1.70141000918780E+0038 1.70141000918780E+0038
2.70041809082031E+0002 2.70164886474609E+0002 2.70342712402344E+0002 2.70570007324219E+0002 2.70839111328125E+0002 2.71140411376953E+0002 2.71463195800781E+0002 2.71796386718750E+0002 2.72128814697266E+0002 2.72450286865234E+0002 2.72752105712891E+0002 2.73028289794922E+0002 2.73289489746094E+0002 2.73577911376953E+0002 2.73876708984375E+0002 2.74165802001953E+0002 2.74428314208984E+0002 2.74651702880859E+0002 2.74827606201172E+0002 2.74952514648438E+0002 2.75027587890625E+0002 2.75058013916016E+0002 2.75052703857422E+0002 2.75023498535156E+0002 2.74983886718750E+0002 2.74940093994141E+0002 2.74890808105469E+0002 2.74835906982422E+0002 2.74776885986328E+0002 2.74716400146484E+0002 2.74657196044922E+0002 2.74602294921875E+0002 2.74554901123047E+0002 1.70141000918780E+0038 1.70141000918780E+0038 1.70141000918780E+0038 1.70141000918780E+0038 1.70141000918780E+0038 1.70141000918780E+0038
2.70126312255859E+0002 2.70257995605469E+0002 2.70442504882813E+0002 2.70674102783203E+0002 2.70944885253906E+0002 2.71245605468750E+0002 2.71565795898438E+0002 2.71894805908203E+0002 2.72221893310547E+0002 2.72537811279297E+0002 2.72834686279297E+0002 2.73107696533203E+0002 2.73366394042969E+0002 2.73645599365234E+0002 2.73930603027344E+0002 2.74204010009766E+0002 2.74450988769531E+0002 2.74660400390625E+0002 2.74825012207031E+0002 2.74941894531250E+0002 2.75012512207031E+0002 2.75042205810547E+0002 2.75039489746094E+0002 2.75015411376953E+0002 2.74981903076172E+0002 2.74942687988281E+0002 2.74895690917969E+0002 2.74840515136719E+0002 2.74778503417969E+0002 2.74712188720703E+0002 2.74644897460938E+0002 2.74579986572266E+0002 1.70141000918780E+0038 1.70141000918780E+0038 1.70141000918780E+0038 1.70141000918780E+0038 1.70141000918780E+0038 1.70141000918780E+0038 1.70141000918780E+0038
2.70179504394531E+0002 2.70319091796875E+0002 2.70510192871094E+0002 2.70746795654297E+0002 2.71021087646484E+0002 2.71323913574219E+0002 2.71644897460938E+0002 2.71973693847656E+0002 2.72300109863281E+0002 2.72614990234375E+0002 2.72911193847656E+0002 2.73184204101563E+0002 2.73442504882813E+0002 2.73715911865234E+0002 2.73991607666016E+0002 2.74253906250000E+0002 2.74489501953125E+0002 2.74687988281250E+0002 2.74843200683594E+0002 2.74952697753906E+0002 2.75018402099609E+0002 2.75045898437500E+0002 2.75043914794922E+0002 2.75022888183594E+0002 2.74993103027344E+0002 2.74955291748047E+0002 2.74907501220703E+0002 2.74849487304688E+0002 2.74782592773438E+0002 2.74709686279297E+0002 2.74634307861328E+0002 2.74560302734375E+0002 1.70141000918780E+0038 1.70141000918780E+0038 1.70141000918780E+0038 1.70141000918780E+0038 1.70141000918780E+0038 1.70141000918780E+0038 1.70141000918780E+0038
1.70141000918780E+0038 2.70320190429688E+0002 2.70516693115234E+0002 2.70758087158203E+0002 2.71036804199219E+0002 2.71343505859375E+0002 2.71668395996094E+0002 2.72001098632813E+0002 2.72331390380859E+0002 2.72650207519531E+0002 2.72950103759766E+0002 2.73226196289063E+0002 2.73486114501953E+0002 2.73758392333984E+0002 2.74031188964844E+0002 2.74289611816406E+0002 2.74520812988281E+0002 2.74715087890625E+0002 2.74865997314453E+0002 2.74971710205078E+0002 2.75034484863281E+0002 2.75060394287109E+0002 2.75058410644531E+0002 2.75039093017578E+0002 2.75010711669922E+0002 2.74971588134766E+0002 2.74920593261719E+0002 2.74858001708984E+0002 2.74785614013672E+0002 2.74706298828125E+0002 2.74623809814453E+0002 1.70141000918780E+0038 1.70141000918780E+0038 1.70141000918780E+0038 1.70141000918780E+0038 1.70141000918780E+0038 1.70141000918780E+0038 1.70141000918780E+0038 1.70141000918780E+0038
1.70141000918780E+0038 2.70329803466797E+0002 2.70530212402344E+0002 2.70774505615234E+0002 2.71055206298828E+0002 2.71363494873047E+0002 2.71689788818359E+0002 2.72023986816406E+0002 2.72356292724609E+0002 2.72677612304688E+0002 2.72980407714844E+0002 2.73259307861328E+0002 2.73520812988281E+0002 2.73792114257813E+0002 2.74062408447266E+0002 2.74317810058594E+0002 2.74546203613281E+0002 2.74737915039063E+0002 2.74886688232422E+0002 2.74990600585938E+0002 2.75052093505859E+0002 2.75077789306641E+0002 2.75076995849609E+0002 2.75059906005859E+0002 2.75033294677734E+0002 2.74992797851563E+0002 2.74938110351563E+0002 2.74870300292969E+0002 2.74791595458984E+0002 2.74705413818359E+0002 2.74615692138672E+0002 1.70141000918780E+0038 1.70141000918780E+0038 1.70141000918780E+0038 1.70141000918780E+0038 1.70141000918780E+0038 1.70141000918780E+0038 1.70141000918780E+0038 1.70141000918780E+0038
1.70141000918780E+0038 1.70141000918780E+0038 2.70567291259766E+0002 2.70812103271484E+0002 2.71091705322266E+0002 2.71398010253906E+0002 2.71721893310547E+0002 2.72053894042969E+0002 2.72384704589844E+0002 2.72705596923828E+0002 2.73009002685547E+0002 2.73289398193359E+0002 2.73552001953125E+0002 2.73821685791016E+0002 2.74089111328125E+0002 2.74341400146484E+0002 2.74567413330078E+0002 2.74757812500000E+0002 2.74906005859375E+0002 2.75009399414063E+0002 2.75070587158203E+0002 2.75096984863281E+0002 2.75097991943359E+0002 2.75083709716797E+0002 2.75059112548828E+0002 2.75017486572266E+0002 2.74959014892578E+0002 2.74885711669922E+0002 2.74800415039063E+0002 2.74706787109375E+0002 1.70141000918780E+0038 1.70141000918780E+0038 1.70141000918780E+0038 1.70141000918780E+0038 1.70141000918780E+0038 1.70141000918780E+0038 1.70141000918780E+0038 1.70141000918780E+0038 1.70141000918780E+0038
1.70141000918780E+0038 1.70141000918780E+0038 1.70141000918780E+0038 2.70868896484375E+0002 2.71144287109375E+0002 2.71445007324219E+0002 2.71762786865234E+0002 2.72088806152344E+0002 2.72414611816406E+0002 2.72731903076172E+0002 2.73033508300781E+0002 2.73313903808594E+0002 2.73576812744141E+0002 2.73844512939453E+0002 2.74108489990234E+0002 2.74357788085938E+0002 2.74582092285156E+0002 2.74772613525391E+0002 2.74921997070313E+0002 2.75026397705078E+0002 2.75088104248047E+0002 2.75115386962891E+0002 2.75118713378906E+0002 2.75107391357422E+0002 2.75084991455078E+0002 2.75042510986328E+0002 2.74980499267578E+0002 2.74901611328125E+0002 2.74809509277344E+0002 2.74708587646484E+0002 1.70141000918780E+0038 1.70141000918780E+0038 1.70141000918780E+0038 1.70141000918780E+0038 1.70141000918780E+0038 1.70141000918780E+0038 1.70141000918780E+0038 1.70141000918780E+0038 1.70141000918780E+0038
1.70141000918780E+0038 1.70141000918780E+0038 1.70141000918780E+0038 2.70942291259766E+0002 2.71210388183594E+0002 2.71502105712891E+0002 2.71810089111328E+0002 2.72126708984375E+0002 2.72444091796875E+0002 2.72754913330078E+0002 2.73052185058594E+0002 2.73330810546875E+0002 2.73593200683594E+0002 2.73858093261719E+0002 2.74118286132813E+0002 2.74364196777344E+0002 2.74586791992188E+0002 2.74777893066406E+0002 2.74929809570313E+0002 2.75036407470703E+0002 2.75099304199219E+0002 2.75128509521484E+0002 2.75134704589844E+0002 2.75126800537109E+0002 2.75106994628906E+0002 2.75063995361328E+0002 2.74998901367188E+0002 2.74915008544922E+0002 2.74816589355469E+0002 1.70141000918780E+0038 1.70141000918780E+0038 1.70141000918780E+0038 1.70141000918780E+0038 1.70141000918780E+0038 1.70141000918780E+0038 1.70141000918780E+0038 1.70141000918780E+0038 1.70141000918780E+0038 1.70141000918780E+0038
1.70141000918780E+0038 1.70141000918780E+0038 1.70141000918780E+0038 1.70141000918780E+0038 2.71286407470703E+0002 2.71566192626953E+0002 2.71861389160156E+0002 2.72165313720703E+0002 2.72471313476563E+0002 2.72772796630859E+0002 2.73063598632813E+0002 2.73338714599609E+0002 2.73599487304688E+0002 2.73860687255859E+0002 2.74116394042969E+0002 2.74358001708984E+0002 2.74577911376953E+0002 2.74768310546875E+0002 2.74921813964844E+0002 2.75031097412109E+0002 2.75097106933594E+0002 2.75130310058594E+0002 2.75140991210938E+0002 2.75137512207031E+0002 2.75120910644531E+0002 2.75078186035156E+0002 2.75010803222656E+0002 2.74922698974609E+0002 2.74818786621094E+0002 1.70141000918780E+0038 1.70141000918780E+0038 1.70141000918780E+0038 1.70141000918780E+0038 1.70141000918780E+0038 1.70141000918780E+0038 1.70141000918780E+0038 1.70141000918780E+0038 1.70141000918780E+0038 1.70141000918780E+0038
1.70141000918780E+0038 1.70141000918780E+0038 1.70141000918780E+0038 1.70141000918780E+0038 2.71368194580078E+0002 2.71633605957031E+0002 2.71913513183594E+0002 2.72202392578125E+0002 2.72494689941406E+0002 2.72784606933594E+0002 2.73066894531250E+0002 2.73336914062500E+0002 2.73594909667969E+0002 2.73851715087891E+0002 2.74101898193359E+0002 2.74338104248047E+0002 2.74553405761719E+0002 2.74740692138672E+0002 2.74893096923828E+0002 2.75004913330078E+0002 2.75076599121094E+0002 2.75116394042969E+0002 2.75133300781250E+0002 2.75135314941406E+0002 2.75122711181641E+0002 2.75081298828125E+0002 2.75012786865234E+0002 2.74921813964844E+0002 1.70141000918780E+0038 1.70141000918780E+0038 1.70141000918780E+0038 1.70141000918780E+0038 1.70141000918780E+0038 1.70141000918780E+0038 1.70141000918780E+0038 1.70141000918780E+0038 1.70141000918780E+0038 1.70141000918780E+0038 1.70141000918780E+0038
1.70141000918780E+0038 1.70141000918780E+0038 1.70141000918780E+0038 1.70141000918780E+0038 1.70141000918780E+0038 2.71700408935547E+0002 2.71963409423828E+0002 2.72235687255859E+0002 2.72512512207031E+0002 2.72789398193359E+0002 2.73061706542969E+0002 2.73325286865234E+0002 2.73579589843750E+0002 2.73831207275391E+0002 2.74075103759766E+0002 2.74304992675781E+0002 2.74514312744141E+0002 2.74696990966797E+0002 2.74847106933594E+0002 2.74960693359375E+0002 2.75038299560547E+0002 2.75085388183594E+0002 2.75109313964844E+0002 2.75117309570313E+0002 2.75109313964844E+0002 2.75070312500000E+0002 2.75002197265625E+0002 2.74909912109375E+0002 1.70141000918780E+0038 1.70141000918780E+0038 1.70141000918780E+0038 1.70141000918780E+0038 1.70141000918780E+0038 1.70141000918780E+0038 1.70141000918780E+0038 1.70141000918780E+0038 1.70141000918780E+0038 1.70141000918780E+0038 1.70141000918780E+0038
1.70141000918780E+0038 1.70141000918780E+0038 1.70141000918780E+0038 1.70141000918780E+0038 1.70141000918780E+0038 1.70141000918780E+0038 2.72007812500000E+0002 2.72262786865234E+0002 2.72523712158203E+0002 2.72786804199219E+0002 2.73048400878906E+0002 2.73304687500000E+0002 2.73554199218750E+0002 2.73800109863281E+0002 2.74037292480469E+0002 2.74260192871094E+0002 2.74463012695313E+0002 2.74640411376953E+0002 2.74787811279297E+0002 2.74902191162109E+0002 2.74984191894531E+0002 2.75037506103516E+0002 2.75067901611328E+0002 2.75081909179688E+0002 2.75079010009766E+0002 2.75043395996094E+0002 2.74976989746094E+0002 1.70141000918780E+0038 1.70141000918780E+0038 1.70141000918780E+0038 1.70141000918780E+0038 1.70141000918780E+0038 1.70141000918780E+0038 1.70141000918780E+0038 1.70141000918780E+0038 1.70141000918780E+0038 1.70141000918780E+0038 1.70141000918780E+0038 1.70141000918780E+0038
1.70141000918780E+0038 1.70141000918780E+0038 1.70141000918780E+0038 1.70141000918780E+0038 1.70141000918780E+0038 1.70141000918780E+0038 1.70141000918780E+0038 2.72281585693359E+0002 2.72527008056641E+0002 2.72776611328125E+0002 2.73027191162109E+0002 2.73275695800781E+0002 2.73519897460938E+0002 2.73759613037109E+0002 2.73989898681641E+0002 2.74205596923828E+0002 2.74401702880859E+0002 2.74573608398438E+0002 2.74717712402344E+0002 2.74831695556641E+0002 2.74916198730469E+0002 2.74973999023438E+0002 2.75009613037109E+0002 2.75028900146484E+0002 2.75031005859375E+0002 2.74999511718750E+0002 1.70141000918780E+0038 1.70141000918780E+0038 1.70141000918780E+0038 1.70141000918780E+0038 1.70141000918780E+0038 1.70141000918780E+0038 1.70141000918780E+0038 1.70141000918780E+0038 1.70141000918780E+0038 1.70141000918780E+0038 1.70141000918780E+0038 1.70141000918780E+0038 1.70141000918780E+0038
1.70141000918780E+0038 1.70141000918780E+0038 1.70141000918780E+0038 1.70141000918780E+0038 1.70141000918780E+0038 1.70141000918780E+0038 1.70141000918780E+0038 1.70141000918780E+0038 2.72521514892578E+0002 2.72758605957031E+0002 2.72998809814453E+0002 2.73239501953125E+0002 2.73477813720703E+0002 2.73710998535156E+0002 2.73934295654297E+0002 2.74142791748047E+0002 2.74332000732422E+0002 2.74497985839844E+0002 2.74638092041016E+0002 2.74750488281250E+0002 2.74835693359375E+0002 2.74895904541016E+0002 2.74935211181641E+0002 2.74958892822266E+0002 2.74965698242188E+0002 2.74938995361328E+0002 1.70141000918780E+0038 1.70141000918780E+0038 1.70141000918780E+0038 1.70141000918780E+0038 1.70141000918780E+0038 1.70141000918780E+0038 1.70141000918780E+0038 1.70141000918780E+0038 1.70141000918780E+0038 1.70141000918780E+0038 1.70141000918780E+0038 1.70141000918780E+0038 1.70141000918780E+0038
1.70141000918780E+0038 1.70141000918780E+0038 1.70141000918780E+0038 1.70141000918780E+0038 1.70141000918780E+0038 1.70141000918780E+0038 1.70141000918780E+0038 1.70141000918780E+0038 1.70141000918780E+0038 2.72733001708984E+0002 2.72964111328125E+0002 2.73197113037109E+0002 2.73428985595703E+0002 2.73655395507813E+0002 2.73871398925781E+0002 2.74072509765625E+0002 2.74254608154297E+0002 2.74414489746094E+0002 2.74549713134766E+0002 2.74659301757813E+0002 2.74743499755859E+0002 2.74804687500000E+0002 2.74846313476563E+0002 2.74873413085938E+0002 2.74884704589844E+0002 1.70141000918780E+0038 1.70141000918780E+0038 1.70141000918780E+0038 1.70141000918780E+0038 1.70141000918780E+0038 1.70141000918780E+0038 1.70141000918780E+0038 1.70141000918780E+0038 1.70141000918780E+0038 1.70141000918780E+0038 1.70141000918780E+0038 1.70141000918780E+0038 1.70141000918780E+0038 1.70141000918780E+0038
1.70141000918780E+0038 1.70141000918780E+0038 1.70141000918780E+0038 1.70141000918780E+0038 1.70141000918780E+0038 1.70141000918780E+0038 1.70141000918780E+0038 1.70141000918780E+0038 1.70141000918780E+0038 1.70141000918780E+0038 2.72923797607422E+0002 2.73149505615234E+0002 2.73374389648438E+0002 2.73593505859375E+0002 2.73801788330078E+0002 2.73995208740234E+0002 2.74170013427734E+0002 2.74323211669922E+0002 2.74453094482422E+0002 2.74558807373047E+0002 2.74641113281250E+0002 2.74701995849609E+0002 2.74744995117188E+0002 2.74774902343750E+0002 1.70141000918780E+0038 1.70141000918780E+0038 1.70141000918780E+0038 1.70141000918780E+0038 1.70141000918780E+0038 1.70141000918780E+0038 1.70141000918780E+0038 1.70141000918780E+0038 1.70141000918780E+0038 1.70141000918780E+0038 1.70141000918780E+0038 1.70141000918780E+0038 1.70141000918780E+0038 1.70141000918780E+0038 1.70141000918780E+0038
