БС9_1 [is development object]/2026_04_roma_bs9_1.grd
DSAA
332 524
 4.40533420000000E+0005  4.57133420000000E+0005
 7.07279546992000E+0006  7.09899546992000E+0006
 3.40761489868164E+0001  3.22023986816406E+0002
[rows 187 to 203 of 524, columns 234 to 272 of 332]
2.27615997314453E+0002 2.25550399780273E+0002 2.26947799682617E+0002 2.31397399902344E+0002 2.37858596801758E+0002 2.45344604492188E+0002 2.53088302612305E+0002 2.60578186035156E+0002 2.67574005126953E+0002 2.74094909667969E+0002 2.80351104736328E+0002 2.86562591552734E+0002 2.92727294921875E+0002 2.98607391357422E+0002 3.03590911865234E+0002 3.07037292480469E+0002 3.08744995117188E+0002 3.09113311767578E+0002 3.08778808593750E+0002 3.08214202880859E+0002 3.07641815185547E+0002 3.07118988037109E+0002 3.06640594482422E+0002 3.06205688476563E+0002 3.05859313964844E+0002 3.05613891601563E+0002 3.05342987060547E+0002 3.05082092285156E+0002 3.04874694824219E+0002 3.04738891601563E+0002 3.04663085937500E+0002 3.04626312255859E+0002 3.04609313964844E+0002 3.04598785400391E+0002 3.04589599609375E+0002 3.04581207275391E+0002 3.04575195312500E+0002 3.04579406738281E+0002 3.04634490966797E+0002
2.32570602416992E+0002 2.30722595214844E+0002 2.31719100952148E+0002 2.35379104614258E+0002 2.40966796875000E+0002 2.47666595458984E+0002 2.54813095092773E+0002 2.61961212158203E+0002 2.68893707275391E+0002 2.75592712402344E+0002 2.82193298339844E+0002 2.88845306396484E+0002 2.95475189208984E+0002 3.01823303222656E+0002 3.07198486328125E+0002 3.10758392333984E+0002 3.12157287597656E+0002 3.12017913818359E+0002 3.11218414306641E+0002 3.10286193847656E+0002 3.09397613525391E+0002 3.08561492919922E+0002 3.07760101318359E+0002 3.07012603759766E+0002 3.06403686523438E+0002 3.05961395263672E+0002 3.05526489257813E+0002 3.05149414062500E+0002 3.04881011962891E+0002 3.04724700927734E+0002 3.04641204833984E+0002 3.04596588134766E+0002 3.04570312500000E+0002 3.04552001953125E+0002 3.04539215087891E+0002 3.04533294677734E+0002 3.04536193847656E+0002 3.04554199218750E+0002 3.04617004394531E+0002
2.38611694335938E+0002 2.36955596923828E+0002 2.37576400756836E+0002 2.40436004638672E+0002 2.45051193237305E+0002 2.50802307128906E+0002 2.57144592285156E+0002 2.63701507568359E+0002 2.70280914306641E+0002 2.76840515136719E+0002 2.83451385498047E+0002 2.90213104248047E+0002 2.96991912841797E+0002 3.03526397705078E+0002 3.09103393554688E+0002 3.12763305664063E+0002 3.13982910156250E+0002 3.13597686767578E+0002 3.12642913818359E+0002 3.11636901855469E+0002 3.10665496826172E+0002 3.09685485839844E+0002 3.08682800292969E+0002 3.07711212158203E+0002 3.06903900146484E+0002 3.06311187744141E+0002 3.05748291015625E+0002 3.05276885986328E+0002 3.04950195312500E+0002 3.04762786865234E+0002 3.04660491943359E+0002 3.04600494384766E+0002 3.04559906005859E+0002 3.04530487060547E+0002 3.04513092041016E+0002 3.04511993408203E+0002 3.04529693603516E+0002 3.04568695068359E+0002 3.04645111083984E+0002
2.45315093994141E+0002 2.43815002441406E+0002 2.44087005615234E+0002 2.46182495117188E+0002 2.49804504394531E+0002 2.54509994506836E+0002 2.59878814697266E+0002 2.65609985351563E+0002 2.71549591064453E+0002 2.77665008544922E+0002 2.83999908447266E+0002 2.90562011718750E+0002 2.97151000976563E+0002 3.03514801025391E+0002 3.08951904296875E+0002 3.12555389404297E+0002 3.13923400878906E+0002 3.13746490478516E+0002 3.13025207519531E+0002 3.12253295898438E+0002 3.11413391113281E+0002 3.10441589355469E+0002 3.09353607177734E+0002 3.08249511718750E+0002 3.07313201904297E+0002 3.06622802734375E+0002 3.05977508544922E+0002 3.05445404052734E+0002 3.05071990966797E+0002 3.04846405029297E+0002 3.04717285156250E+0002 3.04637695312500E+0002 3.04580902099609E+0002 3.04539093017578E+0002 3.04517211914063E+0002 3.04523803710938E+0002 3.04562103271484E+0002 3.04628814697266E+0002 3.04724700927734E+0002
2.52315795898438E+0002 2.50932006835938E+0002 2.50869400024414E+0002 2.52240997314453E+0002 2.54888504028320E+0002 2.58514404296875E+0002 2.62812805175781E+0002 2.67561889648438E+0002 2.72661590576172E+0002 2.78110687255859E+0002 2.83928497314453E+0002 2.90034698486328E+0002 2.96167114257813E+0002 3.02103393554688E+0002 3.07213409423828E+0002 3.10760589599609E+0002 3.12495300292969E+0002 3.12871398925781E+0002 3.12661712646484E+0002 3.12279785156250E+0002 3.11676605224609E+0002 3.10807708740234E+0002 3.09725097656250E+0002 3.08571197509766E+0002 3.07574096679688E+0002 3.06839294433594E+0002 3.06158996582031E+0002 3.05601013183594E+0002 3.05202606201172E+0002 3.04951507568359E+0002 3.04802185058594E+0002 3.04707611083984E+0002 3.04638000488281E+0002 3.04585205078125E+0002 3.04558898925781E+0002 3.04574798583984E+0002 3.04637512207031E+0002 3.04735809326172E+0002 3.04854492187500E+0002
2.59246093750000E+0002 2.57932891845703E+0002 2.57533691406250E+0002 2.58217590332031E+0002 2.59937011718750E+0002 2.62511413574219E+0002 2.65730499267578E+0002 2.69444213867188E+0002 2.73608886718750E+0002 2.78261413574219E+0002 2.83404907226563E+0002 2.88893402099609E+0002 2.94426086425781E+0002 2.99841400146484E+0002 3.04625701904297E+0002 3.08198089599609E+0002 3.10373413085938E+0002 3.11419006347656E+0002 3.11809387207031E+0002 3.11824707031250E+0002 3.11477813720703E+0002 3.10760406494141E+0002 3.09750488281250E+0002 3.08619201660156E+0002 3.07625305175781E+0002 3.06897491455078E+0002 3.06229614257813E+0002 3.05685302734375E+0002 3.05295593261719E+0002 3.05047912597656E+0002 3.04901092529297E+0002 3.04808990478516E+0002 3.04739196777344E+0002 3.04681701660156E+0002 3.04651397705078E+0002 3.04675994873047E+0002 3.04762786865234E+0002 3.04889495849609E+0002 3.05026885986328E+0002
2.65694793701172E+0002 2.64395812988281E+0002 2.63642913818359E+0002 2.63674499511719E+0002 2.64541412353516E+0002 2.66154602050781E+0002 2.68374603271484E+0002 2.71101715087891E+0002 2.74334686279297E+0002 2.78154296875000E+0002 2.82569702148438E+0002 2.87383392333984E+0002 2.92278289794922E+0002 2.97173614501953E+0002 3.01675292968750E+0002 3.05305206298828E+0002 3.07884185791016E+0002 3.09523712158203E+0002 3.10465301513672E+0002 3.10875305175781E+0002 3.10799591064453E+0002 3.10270812988281E+0002 3.09389495849609E+0002 3.08344909667969E+0002 3.07412994384766E+0002 3.06741394042969E+0002 3.06134185791016E+0002 3.05648803710938E+0002 3.05310485839844E+0002 3.05105987548828E+0002 3.04996704101563E+0002 3.04937591552734E+0002 3.04892913818359E+0002 3.04848388671875E+0002 3.04820098876953E+0002 3.04851501464844E+0002 3.04954711914063E+0002 3.05094085693359E+0002 3.05235412597656E+0002
2.71180389404297E+0002 2.69828796386719E+0002 2.68699707031250E+0002 2.68130096435547E+0002 2.68259490966797E+0002 2.69064086914063E+0002 2.70449310302734E+0002 2.72340209960938E+0002 2.74750213623047E+0002 2.77796295166016E+0002 2.81516998291016E+0002 2.85668212890625E+0002 2.89943603515625E+0002 2.94351501464844E+0002 2.98598297119141E+0002 3.02265594482422E+0002 3.05152313232422E+0002 3.07250885009766E+0002 3.08650085449219E+0002 3.09430786132813E+0002 3.09638885498047E+0002 3.09331604003906E+0002 3.08626800537109E+0002 3.07723785400391E+0002 3.06905914306641E+0002 3.06335693359375E+0002 3.05836212158203E+0002 3.05456085205078E+0002 3.05214508056641E+0002 3.05096893310547E+0002 3.05066711425781E+0002 3.05079803466797E+0002 3.05098205566406E+0002 3.05101501464844E+0002 3.05099792480469E+0002 3.05137786865234E+0002 3.05232391357422E+0002 3.05353698730469E+0002 3.05476806640625E+0002
2.75136505126953E+0002 2.73669799804688E+0002 2.72174102783203E+0002 2.71107299804688E+0002 2.70671295166016E+0002 2.70879486083984E+0002 2.71661804199219E+0002 2.72953796386719E+0002 2.74763610839844E+0002 2.77196685791016E+0002 2.80294006347656E+0002 2.83822204589844E+0002 2.87525085449219E+0002 2.91491790771484E+0002 2.95502899169922E+0002 2.99170806884766E+0002 3.02266204833984E+0002 3.04697998046875E+0002 3.06457885742188E+0002 3.07565704345703E+0002 3.08053802490234E+0002 3.07987396240234E+0002 3.07492614746094E+0002 3.06772308349609E+0002 3.06108886718750E+0002 3.05677490234375E+0002 3.05325500488281E+0002 3.05090911865234E+0002 3.04985809326172E+0002 3.04993896484375E+0002 3.05080291748047E+0002 3.05203308105469E+0002 3.05324584960938E+0002 3.05417388916016E+0002 3.05476898193359E+0002 3.05523284912109E+0002 3.05576812744141E+0002 3.05646392822266E+0002 3.05734008789063E+0002
2.76929412841797E+0002 2.75349792480469E+0002 2.73615692138672E+0002 2.72255310058594E+0002 2.71494110107422E+0002 2.71363586425781E+0002 2.71808807373047E+0002 2.72771087646484E+0002 2.74244293212891E+0002 2.76279113769531E+0002 2.78870910644531E+0002 2.81865203857422E+0002 2.85080810546875E+0002 2.88674713134766E+0002 2.92480010986328E+0002 2.96123596191406E+0002 2.99351104736328E+0002 3.02016510009766E+0002 3.04050506591797E+0002 3.05431793212891E+0002 3.06176788330078E+0002 3.06349609375000E+0002 3.06077514648438E+0002 3.05561004638672E+0002 3.05075714111328E+0002 3.04806884765625E+0002 3.04628204345703E+0002 3.04564605712891E+0002 3.04620300292969E+0002 3.04776489257813E+0002 3.05000610351563E+0002 3.05254699707031E+0002 3.05501892089844E+0002 3.05709106445313E+0002 3.05847991943359E+0002 3.05904205322266E+0002 3.05901397705078E+0002 3.05902404785156E+0002 3.05953796386719E+0002
2.76148010253906E+0002 2.74608703613281E+0002 2.72908508300781E+0002 2.71539215087891E+0002 2.70733001708984E+0002 2.70536285400391E+0002 2.70906005859375E+0002 2.71783905029297E+0002 2.73140808105469E+0002 2.74973999023438E+0002 2.77250305175781E+0002 2.79870391845703E+0002 2.82726409912109E+0002 2.86040710449219E+0002 2.89687011718750E+0002 2.93299713134766E+0002 2.96607391357422E+0002 2.99429809570313E+0002 3.01661804199219E+0002 3.03255798339844E+0002 3.04216094970703E+0002 3.04602691650391E+0002 3.04540100097656E+0002 3.04223205566406E+0002 3.03918212890625E+0002 3.03816894531250E+0002 3.03815612792969E+0002 3.03925689697266E+0002 3.04141998291016E+0002 3.04442993164063E+0002 3.04798004150391E+0002 3.05173614501953E+0002 3.05536590576172E+0002 3.05851104736328E+0002 3.06068115234375E+0002 3.06133911132813E+0002 3.06072204589844E+0002 3.06006713867188E+0002 3.06025604248047E+0002
2.73291809082031E+0002 2.71889404296875E+0002 2.70434295654297E+0002 2.69305908203125E+0002 2.68708587646484E+0002 2.68689788818359E+0002 2.69210113525391E+0002 2.70205596923828E+0002 2.71623809814453E+0002 2.73426300048828E+0002 2.75565612792969E+0002 2.77974487304688E+0002 2.80599700927734E+0002 2.83721588134766E+0002 2.87248992919922E+0002 2.90824188232422E+0002 2.94167388916016E+0002 2.97081207275391E+0002 2.99440887451172E+0002 3.01184997558594E+0002 3.02310302734375E+0002 3.02872985839844E+0002 3.02993011474609E+0002 3.02858184814453E+0002 3.02723907470703E+0002 3.02784393310547E+0002 3.02952514648438E+0002 3.03223999023438E+0002 3.03583801269531E+0002 3.04006286621094E+0002 3.04461395263672E+0002 3.04919097900391E+0002 3.05350585937500E+0002 3.05721893310547E+0002 3.05979309082031E+0002 3.06043701171875E+0002 3.05935211181641E+0002 3.05819702148438E+0002 3.05792297363281E+0002
2.68891601562500E+0002 2.67612701416016E+0002 2.66456298828125E+0002 2.65698303222656E+0002 2.65481201171875E+0002 2.65823913574219E+0002 2.66670501708984E+0002 2.67940002441406E+0002 2.69556091308594E+0002 2.71456085205078E+0002 2.73584808349609E+0002 2.75895599365234E+0002 2.78373291015625E+0002 2.81344512939453E+0002 2.84751007080078E+0002 2.88251586914063E+0002 2.91572387695313E+0002 2.94513488769531E+0002 2.96944885253906E+0002 2.98799896240234E+0002 3.00070495605469E+0002 3.00807800292969E+0002 3.01124114990234E+0002 3.01194702148438E+0002 3.01257812500000E+0002 3.01507507324219E+0002 3.01873992919922E+0002 3.02331787109375E+0002 3.02850799560547E+0002 3.03396911621094E+0002 3.03937194824219E+0002 3.04442504882813E+0002 3.04886688232422E+0002 3.05240295410156E+0002 3.05457885742188E+0002 3.05485198974609E+0002 3.05356506347656E+0002 3.05212310791016E+0002 3.05131713867188E+0002
2.63461486816406E+0002 2.62271392822266E+0002 2.61400909423828E+0002 2.61056304931641E+0002 2.61310485839844E+0002 2.62130706787109E+0002 2.63424987792969E+0002 2.65084899902344E+0002 2.67010314941406E+0002 2.69120208740234E+0002 2.71353790283203E+0002 2.73676086425781E+0002 2.76096008300781E+0002 2.78970886230469E+0002 2.82270202636719E+0002 2.85675201416016E+0002 2.88929107666016E+0002 2.91843414306641E+0002 2.94294586181641E+0002 2.96218811035156E+0002 2.97607604980469E+0002 2.98507110595703E+0002 2.99019195556641E+0002 2.99303314208984E+0002 2.99575714111328E+0002 3.00027008056641E+0002 3.00604888916016E+0002 3.01258300781250E+0002 3.01937988281250E+0002 3.02598602294922E+0002 3.03201385498047E+0002 3.03716400146484E+0002 3.04120513916016E+0002 3.04392395019531E+0002 3.04509399414063E+0002 3.04462585449219E+0002 3.04303802490234E+0002 3.04137908935547E+0002 3.04009704589844E+0002
2.57518188476563E+0002 2.56385314941406E+0002 2.55778396606445E+0002 2.55856796264648E+0002 2.56623291015625E+0002 2.57980010986328E+0002 2.59787506103516E+0002 2.61905487060547E+0002 2.64212493896484E+0002 2.66613006591797E+0002 2.69040893554688E+0002 2.71465911865234E+0002 2.73908813476563E+0002 2.76742797851563E+0002 2.79956695556641E+0002 2.83256408691406E+0002 2.86410186767578E+0002 2.89251403808594E+0002 2.91673400878906E+0002 2.93622497558594E+0002 2.95093505859375E+0002 2.96128509521484E+0002 2.96818603515625E+0002 2.97304992675781E+0002 2.97779693603516E+0002 2.98426696777344E+0002 2.99208587646484E+0002 3.00047088623047E+0002 3.00872711181641E+0002 3.01627197265625E+0002 3.02265502929688E+0002 3.02756591796875E+0002 3.03082611083984E+0002 3.03236297607422E+0002 3.03222412109375E+0002 3.03068786621094E+0002 3.02844085693359E+0002 3.02638092041016E+0002 3.02458404541016E+0002
2.51546295166016E+0002 2.50444198608398E+0002 2.50086593627930E+0002 2.50593002319336E+0002 2.51886398315430E+0002 2.53794296264648E+0002 2.56128387451172E+0002 2.58721496582031E+0002 2.61436401367188E+0002 2.64167999267578E+0002 2.66844696044922E+0002 2.69434906005859E+0002 2.71962188720703E+0002 2.74800415039063E+0002 2.77948089599609E+0002 2.81135711669922E+0002 2.84161285400391E+0002 2.86888214111328E+0002 2.89234497070313E+0002 2.91162902832031E+0002 2.92674713134766E+0002 2.93809387207031E+0002 2.94646697998047E+0002 2.95309509277344E+0002 2.95964691162109E+0002 2.96786499023438E+0002 2.97748687744141E+0002 2.98746795654297E+0002 2.99691802978516E+0002 3.00513092041016E+0002 3.01159912109375E+0002 3.01601501464844E+0002 3.01826812744141E+0002 3.01843994140625E+0002 3.01681701660156E+0002 3.01395202636719E+0002 3.01069793701172E+0002 3.00796112060547E+0002 3.00549804687500E+0002
2.46003295898438E+0002 2.44909194946289E+0002 2.44796096801758E+0002 2.45735900878906E+0002 2.47546905517578E+0002 2.49976806640625E+0002 2.52800399780273E+0002 2.55836502075195E+0002 2.58941711425781E+0002 2.62005615234375E+0002 2.64950897216797E+0002 2.67740386962891E+0002 2.70391815185547E+0002 2.73265289306641E+0002 2.76359313964844E+0002 2.79425994873047E+0002 2.82296295166016E+0002 2.84869598388672E+0002 2.87095611572266E+0002 2.88958099365234E+0002 2.90467102050781E+0002 2.91659912109375E+0002 2.92605590820313E+0002 2.93408599853516E+0002 2.94211212158203E+0002 2.95175811767578E+0002 2.96282592773438E+0002 2.97404113769531E+0002 2.98434387207031E+0002 2.99292388916016E+0002 2.99922790527344E+0002 3.00296295166016E+0002 3.00408813476563E+0002 3.00281707763672E+0002 2.99962402343750E+0002 2.99526092529297E+0002 2.99074890136719E+0002 2.98708190917969E+0002 2.98376007080078E+0002
