БС9_1 [is development object]/2026_01_roma_bs9_1.grd
DSAA
332 524
 4.40533420000000E+0005  4.57133420000000E+0005
 7.07279546991900E+0006  7.09899546991900E+0006
 2.43534603118896E+0001  3.32915191650391E+0002
[rows 340 to 356 of 524, columns 78 to 116 of 332]
2.74474090576172E+0002 2.74691314697266E+0002 2.74764587402344E+0002 2.74727386474609E+0002 2.74610595703125E+0002 2.74453002929688E+0002 2.74397003173828E+0002 2.74562713623047E+0002 2.74952209472656E+0002 2.75398406982422E+0002 2.75620910644531E+0002 2.75324493408203E+0002 2.74275207519531E+0002 2.72362915039063E+0002 2.69648986816406E+0002 2.66385589599609E+0002 2.62995300292969E+0002 2.59472900390625E+0002 2.55854202270508E+0002 2.52497497558594E+0002 2.49656997680664E+0002 2.47468002319336E+0002 2.45954101562500E+0002 2.45046707153320E+0002 2.44611297607422E+0002 2.44476699829102E+0002 2.44475097656250E+0002 2.44490295410156E+0002 2.44472396850586E+0002 2.44403396606445E+0002 2.44317993164063E+0002 2.44254592895508E+0002 2.44233398437500E+0002 2.44259201049805E+0002 2.44324905395508E+0002 2.44415405273438E+0002 2.44510498046875E+0002 2.44591003417969E+0002 2.44651000976563E+0002
2.73623596191406E+0002 2.73739410400391E+0002 2.73774200439453E+0002 2.73773284912109E+0002 2.73773101806641E+0002 2.73809295654297E+0002 2.73967193603516E+0002 2.74291107177734E+0002 2.74740600585938E+0002 2.75166900634766E+0002 2.75334106445313E+0002 2.74975494384766E+0002 2.73861785888672E+0002 2.71872314453125E+0002 2.69055389404297E+0002 2.65660614013672E+0002 2.62123596191406E+0002 2.58518493652344E+0002 2.54904602050781E+0002 2.51617797851563E+0002 2.48902801513672E+0002 2.46889602661133E+0002 2.45594802856445E+0002 2.44937698364258E+0002 2.44759796142578E+0002 2.44845306396484E+0002 2.44966003417969E+0002 2.44978302001953E+0002 2.44870193481445E+0002 2.44673706054688E+0002 2.44455993652344E+0002 2.44276702880859E+0002 2.44167297363281E+0002 2.44135803222656E+0002 2.44172897338867E+0002 2.44257995605469E+0002 2.44364501953125E+0002 2.44465805053711E+0002 2.44550796508789E+0002
2.73319488525391E+0002 2.73289794921875E+0002 2.73235687255859E+0002 2.73217285156250E+0002 2.73277008056641E+0002 2.73442901611328E+0002 2.73754699707031E+0002 2.74204498291016E+0002 2.74719512939453E+0002 2.75149505615234E+0002 2.75275604248047E+0002 2.74845886230469E+0002 2.73632904052734E+0002 2.71507110595703E+0002 2.68508392333984E+0002 2.64889312744141E+0002 2.61107788085938E+0002 2.57323211669922E+0002 2.53627502441406E+0002 2.50344497680664E+0002 2.47713897705078E+0002 2.45860504150391E+0002 2.44791198730469E+0002 2.44409896850586E+0002 2.44533599853516E+0002 2.44901397705078E+0002 2.45202194213867E+0002 2.45244705200195E+0002 2.45078506469727E+0002 2.44792800903320E+0002 2.44480499267578E+0002 2.44220001220703E+0002 2.44058105468750E+0002 2.44010604858398E+0002 2.44066497802734E+0002 2.44195602416992E+0002 2.44354598999023E+0002 2.44490295410156E+0002 2.44568099975586E+0002
2.73234008789063E+0002 2.73066406250000E+0002 2.72913085937500E+0002 2.72851501464844E+0002 2.72937408447266E+0002 2.73194488525391E+0002 2.73630187988281E+0002 2.74199188232422E+0002 2.74801300048828E+0002 2.75275085449219E+0002 2.75402709960938E+0002 2.74932800292969E+0002 2.73630096435547E+0002 2.71348785400391E+0002 2.68115692138672E+0002 2.64188995361328E+0002 2.60058990478516E+0002 2.55979904174805E+0002 2.52092803955078E+0002 2.48726806640625E+0002 2.46123092651367E+0002 2.44397506713867E+0002 2.43539505004883E+0002 2.43429702758789E+0002 2.43855499267578E+0002 2.44516296386719E+0002 2.45037796020508E+0002 2.45178100585938E+0002 2.45033096313477E+0002 2.44727996826172E+0002 2.44374404907227E+0002 2.44074905395508E+0002 2.43904998779297E+0002 2.43901306152344E+0002 2.44054901123047E+0002 2.44317993164063E+0002 2.44614501953125E+0002 2.44832702636719E+0002 2.44883804321289E+0002
2.73236694335938E+0002 2.72932891845703E+0002 2.72670196533203E+0002 2.72542602539063E+0002 2.72627105712891E+0002 2.72951293945313E+0002 2.73499389648438E+0002 2.74195892333984E+0002 2.74913787841797E+0002 2.75477111816406E+0002 2.75662292480469E+0002 2.75209594726563E+0002 2.73863006591797E+0002 2.71445190429688E+0002 2.67955810546875E+0002 2.63653900146484E+0002 2.59072387695313E+0002 2.54574798583984E+0002 2.50378997802734E+0002 2.46846099853516E+0002 2.44222900390625E+0002 2.42601394653320E+0002 2.41937698364258E+0002 2.42079803466797E+0002 2.42777404785156E+0002 2.43689193725586E+0002 2.44434295654297E+0002 2.44778503417969E+0002 2.44760604858398E+0002 2.44511703491211E+0002 2.44162796020508E+0002 2.43853607177734E+0002 2.43710601806641E+0002 2.43816497802734E+0002 2.44177597045898E+0002 2.44714492797852E+0002 2.45285598754883E+0002 2.45672897338867E+0002 2.45706604003906E+0002
2.73323913574219E+0002 2.72871795654297E+0002 2.72477996826172E+0002 2.72251800537109E+0002 2.72300201416016E+0002 2.72666412353516E+0002 2.73318389892578E+0002 2.74147613525391E+0002 2.74999786376953E+0002 2.75687805175781E+0002 2.75983886718750E+0002 2.75617309570313E+0002 2.74299285888672E+0002 2.71799011230469E+0002 2.68064788818359E+0002 2.63342712402344E+0002 2.58217803955078E+0002 2.53182495117188E+0002 2.48572692871094E+0002 2.44824401855469E+0002 2.42188796997070E+0002 2.40688903808594E+0002 2.40216995239258E+0002 2.40595001220703E+0002 2.41547500610352E+0002 2.42701995849609E+0002 2.43684005737305E+0002 2.44262100219727E+0002 2.44414306640625E+0002 2.44252593994141E+0002 2.43916595458984E+0002 2.43589294433594E+0002 2.43471893310547E+0002 2.43729904174805E+0002 2.44417694091797E+0002 2.45414901733398E+0002 2.46431701660156E+0002 2.47087295532227E+0002 2.47127304077148E+0002
2.73511993408203E+0002 2.72919586181641E+0002 2.72385314941406E+0002 2.72031585693359E+0002 2.72001892089844E+0002 2.72375885009766E+0002 2.73108001708984E+0002 2.74047393798828E+0002 2.75017791748047E+0002 2.75831909179688E+0002 2.76267913818359E+0002 2.76047393798828E+0002 2.74841613769531E+0002 2.72339813232422E+0002 2.68405303955078E+0002 2.63252288818359E+0002 2.57526000976563E+0002 2.51866104125977E+0002 2.46773101806641E+0002 2.42828094482422E+0002 2.40296997070313E+0002 2.39013107299805E+0002 2.38736297607422E+0002 2.39321701049805E+0002 2.40518005371094E+0002 2.41913299560547E+0002 2.43118804931641E+0002 2.43897003173828E+0002 2.44190505981445E+0002 2.44090896606445E+0002 2.43732696533203E+0002 2.43333999633789E+0002 2.43183197021484E+0002 2.43569503784180E+0002 2.44650207519531E+0002 2.46271194458008E+0002 2.47906600952148E+0002 2.48913803100586E+0002 2.48947402954102E+0002
2.73829589843750E+0002 2.73139495849609E+0002 2.72492614746094E+0002 2.72016601562500E+0002 2.71881103515625E+0002 2.72223114013672E+0002 2.72980987548828E+0002 2.73956695556641E+0002 2.74969604492188E+0002 2.75848297119141E+0002 2.76390686035156E+0002 2.76325286865234E+0002 2.75289398193359E+0002 2.72872314453125E+0002 2.68810699462891E+0002 2.63260101318359E+0002 2.56939392089844E+0002 2.50653701782227E+0002 2.45083602905273E+0002 2.41030502319336E+0002 2.38886596679688E+0002 2.38031402587891E+0002 2.37891799926758E+0002 2.38593597412109E+0002 2.39983093261719E+0002 2.41562393188477E+0002 2.42918899536133E+0002 2.43817199707031E+0002 2.44182998657227E+0002 2.44087493896484E+0002 2.43645401000977E+0002 2.43091003417969E+0002 2.42796707153320E+0002 2.43207702636719E+0002 2.44666702270508E+0002 2.47044006347656E+0002 2.49466903686523E+0002 2.50855499267578E+0002 2.50777206420898E+0002
2.74243804931641E+0002 2.73525512695313E+0002 2.72831604003906E+0002 2.72290985107422E+0002 2.72074401855469E+0002 2.72328308105469E+0002 2.72993408203125E+0002 2.73873596191406E+0002 2.74801391601563E+0002 2.75627014160156E+0002 2.76177307128906E+0002 2.76206604003906E+0002 2.75344696044922E+0002 2.73091705322266E+0002 2.69004791259766E+0002 2.63136688232422E+0002 2.56321411132813E+0002 2.49552993774414E+0002 2.43647094726563E+0002 2.39571395874023E+0002 2.38067703247070E+0002 2.37968902587891E+0002 2.37896499633789E+0002 2.38651702880859E+0002 2.40139999389648E+0002 2.41784896850586E+0002 2.43178207397461E+0002 2.44098495483398E+0002 2.44464202880859E+0002 2.44319000244141E+0002 2.43736694335938E+0002 2.42940902709961E+0002 2.42370193481445E+0002 2.42625396728516E+0002 2.44322097778320E+0002 2.47529098510742E+0002 2.50874496459961E+0002 2.52541793823242E+0002 2.52135498046875E+0002
2.74687408447266E+0002 2.74020599365234E+0002 2.73356597900391E+0002 2.72818511962891E+0002 2.72554412841797E+0002 2.72651611328125E+0002 2.73083496093750E+0002 2.73718414306641E+0002 2.74411590576172E+0002 2.75031494140625E+0002 2.75434906005859E+0002 2.75415008544922E+0002 2.74629913330078E+0002 2.72546813964844E+0002 2.68522888183594E+0002 2.62459014892578E+0002 2.55383605957031E+0002 2.48474502563477E+0002 2.42619796752930E+0002 2.38779205322266E+0002 2.37656494140625E+0002 2.38090103149414E+0002 2.38530395507813E+0002 2.39465194702148E+0002 2.40960006713867E+0002 2.42554306030273E+0002 2.43878494262695E+0002 2.44737594604492E+0002 2.45054595947266E+0002 2.44842697143555E+0002 2.44113098144531E+0002 2.43048095703125E+0002 2.42137695312500E+0002 2.42070999145508E+0002 2.43687698364258E+0002 2.47518905639648E+0002 2.51670196533203E+0002 2.53286804199219E+0002 2.52344894409180E+0002
2.75090301513672E+0002 2.74542510986328E+0002 2.73960388183594E+0002 2.73440185546875E+0002 2.73095886230469E+0002 2.72979705810547E+0002 2.73096801757813E+0002 2.73375000000000E+0002 2.73699310302734E+0002 2.73951690673828E+0002 2.74013214111328E+0002 2.73717102050781E+0002 2.72764007568359E+0002 2.70646087646484E+0002 2.66657501220703E+0002 2.60612609863281E+0002 2.53670898437500E+0002 2.47076797485352E+0002 2.41730300903320E+0002 2.38444396972656E+0002 2.37535507202148E+0002 2.38146301269531E+0002 2.39168899536133E+0002 2.40495101928711E+0002 2.42086395263672E+0002 2.43630203247070E+0002 2.44846694946289E+0002 2.45601898193359E+0002 2.45845397949219E+0002 2.45571395874023E+0002 2.44740798950195E+0002 2.43488494873047E+0002 2.42347900390625E+0002 2.42019897460938E+0002 2.43356704711914E+0002 2.46993896484375E+0002 2.50953292846680E+0002 2.52189804077148E+0002 2.50766403198242E+0002
2.75372802734375E+0002 2.74983612060547E+0002 2.74502014160156E+0002 2.73973114013672E+0002 2.73492797851563E+0002 2.73112915039063E+0002 2.72867187500000E+0002 2.72720611572266E+0002 2.72576995849609E+0002 2.72321807861328E+0002 2.71850189208984E+0002 2.71031097412109E+0002 2.69601013183594E+0002 2.67101013183594E+0002 2.62987609863281E+0002 2.57239013671875E+0002 2.50828994750977E+0002 2.44914596557617E+0002 2.40340606689453E+0002 2.37712600708008E+0002 2.37109802246094E+0002 2.37943405151367E+0002 2.39455307006836E+0002 2.41256896972656E+0002 2.43103302001953E+0002 2.44695205688477E+0002 2.45840606689453E+0002 2.46503402709961E+0002 2.46676895141602E+0002 2.46341598510742E+0002 2.45465896606445E+0002 2.44203399658203E+0002 2.43034103393555E+0002 2.42601196289063E+0002 2.43572799682617E+0002 2.46085601806641E+0002 2.48606094360352E+0002 2.49104995727539E+0002 2.47266693115234E+0002
2.75450897216797E+0002 2.75214996337891E+0002 2.74822692871094E+0002 2.74250488281250E+0002 2.73588287353516E+0002 2.72906585693359E+0002 2.72266906738281E+0002 2.71655212402344E+0002 2.70982788085938E+0002 2.70127593994141E+0002 2.68989898681641E+0002 2.67480407714844E+0002 2.65384185791016E+0002 2.62343688964844E+0002 2.58044708251953E+0002 2.52617599487305E+0002 2.46866500854492E+0002 2.41773696899414E+0002 2.38076995849609E+0002 2.36201400756836E+0002 2.36101806640625E+0002 2.37327392578125E+0002 2.39301498413086E+0002 2.41569305419922E+0002 2.43758605957031E+0002 2.45504104614258E+0002 2.46664306640625E+0002 2.47307907104492E+0002 2.47468093872070E+0002 2.47123992919922E+0002 2.46278106689453E+0002 2.45101394653320E+0002 2.43974304199219E+0002 2.43376403808594E+0002 2.43674896240234E+0002 2.44710601806641E+0002 2.45470901489258E+0002 2.44775100708008E+0002 2.42274200439453E+0002
2.75266906738281E+0002 2.75125701904297E+0002 2.74782806396484E+0002 2.74152496337891E+0002 2.73285614013672E+0002 2.72277893066406E+0002 2.71223388671875E+0002 2.70123596191406E+0002 2.68888305664063E+0002 2.67394195556641E+0002 2.65551788330078E+0002 2.63311187744141E+0002 2.60521209716797E+0002 2.56950286865234E+0002 2.52462707519531E+0002 2.47274307250977E+0002 2.42090499877930E+0002 2.37776596069336E+0002 2.34983398437500E+0002 2.33965301513672E+0002 2.34551101684570E+0002 2.36318099975586E+0002 2.38771301269531E+0002 2.41460601806641E+0002 2.43981903076172E+0002 2.45956207275391E+0002 2.47263198852539E+0002 2.48003494262695E+0002 2.48237106323242E+0002 2.47955307006836E+0002 2.47183197021484E+0002 2.46082000732422E+0002 2.44922195434570E+0002 2.43986694335938E+0002 2.43402297973633E+0002 2.42934204101563E+0002 2.41954895019531E+0002 2.39821594238281E+0002 2.36328399658203E+0002
2.74814605712891E+0002 2.74707885742188E+0002 2.74377410888672E+0002 2.73670593261719E+0002 2.72580200195313E+0002 2.71221496582031E+0002 2.69735412597656E+0002 2.68137695312500E+0002 2.66329498291016E+0002 2.64200897216797E+0002 2.61691406250000E+0002 2.58770202636719E+0002 2.55355804443359E+0002 2.51340301513672E+0002 2.46714294433594E+0002 2.41716506958008E+0002 2.36958999633789E+0002 2.33299804687500E+0002 2.31403106689453E+0002 2.31321105957031E+0002 2.32709701538086E+0002 2.35117599487305E+0002 2.38081604003906E+0002 2.41168792724609E+0002 2.43989898681641E+0002 2.46234497070313E+0002 2.47786102294922E+0002 2.48695205688477E+0002 2.49044692993164E+0002 2.48844696044922E+0002 2.48131393432617E+0002 2.47044296264648E+0002 2.45749099731445E+0002 2.44358001708984E+0002 2.42837905883789E+0002 2.40950698852539E+0002 2.38316406250000E+0002 2.34628295898438E+0002 2.29856292724609E+0002
2.74087097167969E+0002 2.73983612060547E+0002 2.73665405273438E+0002 2.72886291503906E+0002 2.71560913085938E+0002 2.69816009521484E+0002 2.67872589111328E+0002 2.65767608642578E+0002 2.63392486572266E+0002 2.60661102294922E+0002 2.57538696289063E+0002 2.54017898559570E+0002 2.50084701538086E+0002 2.45744598388672E+0002 2.41098495483398E+0002 2.36382995605469E+0002 2.32024795532227E+0002 2.28905700683594E+0002 2.27867706298828E+0002 2.28702606201172E+0002 2.30901901245117E+0002 2.33982894897461E+0002 2.37491394042969E+0002 2.41006698608398E+0002 2.44161605834961E+0002 2.46686492919922E+0002 2.48461105346680E+0002 2.49506195068359E+0002 2.49928802490234E+0002 2.49757904052734E+0002 2.49041702270508E+0002 2.47904205322266E+0002 2.46423004150391E+0002 2.44569503784180E+0002 2.42186004638672E+0002 2.39019897460938E+0002 2.34826293945313E+0002 2.29509994506836E+0002 2.23209899902344E+0002
2.73027404785156E+0002 2.72929595947266E+0002 2.72673004150391E+0002 2.71875701904297E+0002 2.70337585449219E+0002 2.68185607910156E+0002 2.65729888916016E+0002 2.63065002441406E+0002 2.60108612060547E+0002 2.56798187255859E+0002 2.53115798950195E+0002 2.49080505371094E+0002 2.44740295410156E+0002 2.40196701049805E+0002 2.35664398193359E+0002 2.31453292846680E+0002 2.27760696411133E+0002 2.25238494873047E+0002 2.24886306762695E+0002 2.26440902709961E+0002 2.29333999633789E+0002 2.33050292968750E+0002 2.37118499755859E+0002 2.41104904174805E+0002 2.44634094238281E+0002 2.47430892944336E+0002 2.49361999511719E+0002 2.50447906494141E+0002 2.50838699340820E+0002 2.50595092773438E+0002 2.49796401977539E+0002 2.48573501586914E+0002 2.46937103271484E+0002 2.44730606079102E+0002 2.41663299560547E+0002 2.37415893554688E+0002 2.31781997680664E+0002 2.24789703369141E+0002 2.16735107421875E+0002
