БС9_1 [is development object]/2026_04_roma_bs9_1.grd
DSAA
332 524
 4.40533420000000E+0005  4.57133420000000E+0005
 7.07279546992000E+0006  7.09899546992000E+0006
 3.40761489868164E+0001  3.22023986816406E+0002
[rows 170 to 186 of 524, columns 273 to 311 of 332]
3.04259490966797E+0002 3.03914215087891E+0002 3.03651611328125E+0002 3.03471801757813E+0002 3.03363708496094E+0002 3.03311096191406E+0002 3.03296203613281E+0002 3.03300109863281E+0002 3.03293090820313E+0002 3.03167907714844E+0002 3.02745910644531E+0002 3.02166412353516E+0002 3.00751312255859E+0002 2.97537994384766E+0002 2.92472290039063E+0002 2.86037811279297E+0002 2.78802093505859E+0002 2.71292388916016E+0002 2.64001098632813E+0002 2.57416687011719E+0002 2.52060195922852E+0002 2.48499298095703E+0002 2.47102493286133E+0002 2.47448593139648E+0002 2.48767303466797E+0002 2.50502395629883E+0002 2.52478500366211E+0002 2.54679794311523E+0002 2.57136596679688E+0002 2.59885803222656E+0002 1.70141000918780E+0038 1.70141000918780E+0038 1.70141000918780E+0038 1.70141000918780E+0038 1.70141000918780E+0038 1.70141000918780E+0038 1.70141000918780E+0038 1.70141000918780E+0038 1.70141000918780E+0038
3.04418395996094E+0002 3.04074188232422E+0002 3.03813201904297E+0002 3.03638092041016E+0002 3.03542388916016E+0002 3.03515808105469E+0002 3.03543487548828E+0002 3.03601013183594E+0002 3.03635589599609E+0002 3.03550689697266E+0002 3.03350006103516E+0002 3.03170806884766E+0002 3.01909606933594E+0002 2.98341796875000E+0002 2.92722686767578E+0002 2.85766815185547E+0002 2.78107788085938E+0002 2.70283813476563E+0002 2.62788604736328E+0002 2.56119598388672E+0002 2.50818298339844E+0002 2.47484497070313E+0002 2.46514801025391E+0002 2.47072601318359E+0002 2.48143493652344E+0002 2.49468399047852E+0002 2.51021804809570E+0002 2.52825500488281E+0002 2.54922698974609E+0002 2.57362091064453E+0002 2.60176788330078E+0002 1.70141000918780E+0038 1.70141000918780E+0038 1.70141000918780E+0038 1.70141000918780E+0038 1.70141000918780E+0038 1.70141000918780E+0038 1.70141000918780E+0038 1.70141000918780E+0038
3.04547302246094E+0002 3.04232086181641E+0002 3.03998199462891E+0002 3.03845397949219E+0002 3.03769287109375E+0002 3.03765289306641E+0002 3.03825988769531E+0002 3.03932403564453E+0002 3.04046295166016E+0002 3.04131103515625E+0002 3.04203704833984E+0002 3.04063293457031E+0002 3.02520111083984E+0002 2.98439605712891E+0002 2.92351104736328E+0002 2.85049194335938E+0002 2.77173797607422E+0002 2.69260314941406E+0002 2.61804290771484E+0002 2.55314804077148E+0002 2.50350906372070E+0002 2.47468307495117E+0002 2.46777496337891E+0002 2.47276397705078E+0002 2.47972000122070E+0002 2.48832305908203E+0002 2.49910095214844E+0002 2.51244705200195E+0002 2.52888504028320E+0002 2.54908401489258E+0002 2.57366302490234E+0002 1.70141000918780E+0038 1.70141000918780E+0038 1.70141000918780E+0038 1.70141000918780E+0038 1.70141000918780E+0038 1.70141000918780E+0038 1.70141000918780E+0038 1.70141000918780E+0038
3.04664703369141E+0002 3.04407714843750E+0002 3.04226013183594E+0002 3.04110900878906E+0002 3.04056213378906E+0002 3.04060607910156E+0002 3.04123687744141E+0002 3.04234100341797E+0002 3.04362487792969E+0002 3.04462005615234E+0002 3.04414611816406E+0002 3.03784301757813E+0002 3.01626403808594E+0002 2.97245910644531E+0002 2.91017303466797E+0002 2.83669799804688E+0002 2.75841613769531E+0002 2.68073211669922E+0002 2.60861389160156E+0002 2.54702499389648E+0002 2.50104598999023E+0002 2.47489303588867E+0002 2.46784500122070E+0002 2.47126602172852E+0002 2.47682296752930E+0002 2.48272903442383E+0002 2.48965896606445E+0002 2.49842407226563E+0002 2.50984893798828E+0002 2.52496795654297E+0002 2.54496505737305E+0002 1.70141000918780E+0038 1.70141000918780E+0038 1.70141000918780E+0038 1.70141000918780E+0038 1.70141000918780E+0038 1.70141000918780E+0038 1.70141000918780E+0038 1.70141000918780E+0038
3.04798004150391E+0002 3.04621185302734E+0002 3.04506988525391E+0002 3.04435791015625E+0002 3.04394195556641E+0002 3.04378997802734E+0002 3.04390899658203E+0002 3.04415100097656E+0002 3.04401885986328E+0002 3.04245513916016E+0002 3.03727386474609E+0002 3.02378509521484E+0002 2.99580413818359E+0002 2.94978607177734E+0002 2.88811187744141E+0002 2.81647796630859E+0002 2.74080200195313E+0002 2.66640197753906E+0002 2.59813201904297E+0002 2.54057296752930E+0002 2.49785293579102E+0002 2.47288101196289E+0002 2.46526199340820E+0002 2.46776092529297E+0002 2.47281600952148E+0002 2.47735900878906E+0002 2.48151199340820E+0002 2.48626800537109E+0002 2.49266403198242E+0002 2.50212600708008E+0002 2.51674301147461E+0002 2.53824295043945E+0002 1.70141000918780E+0038 1.70141000918780E+0038 1.70141000918780E+0038 1.70141000918780E+0038 1.70141000918780E+0038 1.70141000918780E+0038 1.70141000918780E+0038
3.04960510253906E+0002 3.04868408203125E+0002 3.04822906494141E+0002 3.04790710449219E+0002 3.04744293212891E+0002 3.04671508789063E+0002 3.04567810058594E+0002 3.04404388427734E+0002 3.04096191406250E+0002 3.03489593505859E+0002 3.02356597900391E+0002 3.00298400878906E+0002 2.96934509277344E+0002 2.92120300292969E+0002 2.86049987792969E+0002 2.79162902832031E+0002 2.71970001220703E+0002 2.64964508056641E+0002 2.58604309082031E+0002 2.53310699462891E+0002 2.49439804077148E+0002 2.47184997558594E+0002 2.46412796020508E+0002 2.46564300537109E+0002 2.46997100830078E+0002 2.47341995239258E+0002 2.47557800292969E+0002 2.47732696533203E+0002 2.47951995849609E+0002 2.48358703613281E+0002 2.49279800415039E+0002 2.51035598754883E+0002 1.70141000918780E+0038 1.70141000918780E+0038 1.70141000918780E+0038 1.70141000918780E+0038 1.70141000918780E+0038 1.70141000918780E+0038 1.70141000918780E+0038
3.05132385253906E+0002 3.05123504638672E+0002 3.05143707275391E+0002 3.05144104003906E+0002 3.05076812744141E+0002 3.04912811279297E+0002 3.04639190673828E+0002 3.04210113525391E+0002 3.03505187988281E+0002 3.02354095458984E+0002 3.00584106445313E+0002 2.97887207031250E+0002 2.94034698486328E+0002 2.89014587402344E+0002 2.83021697998047E+0002 2.76416107177734E+0002 2.69629913330078E+0002 2.63099304199219E+0002 2.57237304687500E+0002 2.52425903320313E+0002 2.48992996215820E+0002 2.47086395263672E+0002 2.46436096191406E+0002 2.46556304931641E+0002 2.46911499023438E+0002 2.47145599365234E+0002 2.47206207275391E+0002 2.47185195922852E+0002 2.47138702392578E+0002 2.47134292602539E+0002 2.47605606079102E+0002 2.49068099975586E+0002 2.51522094726563E+0002 1.70141000918780E+0038 1.70141000918780E+0038 1.70141000918780E+0038 1.70141000918780E+0038 1.70141000918780E+0038 1.70141000918780E+0038
3.05278411865234E+0002 3.05350311279297E+0002 3.05435607910156E+0002 3.05469390869141E+0002 3.05379302978516E+0002 3.05110687255859E+0002 3.04640197753906E+0002 3.03904205322266E+0002 3.02750213623047E+0002 3.01020385742188E+0002 2.98631408691406E+0002 2.95361785888672E+0002 2.91079406738281E+0002 2.85861511230469E+0002 2.79919311523438E+0002 2.73569488525391E+0002 2.67181213378906E+0002 2.61130004882813E+0002 2.55773101806641E+0002 2.51438095092773E+0002 2.48403106689453E+0002 2.46830093383789E+0002 2.46467193603516E+0002 2.46683105468750E+0002 2.46982101440430E+0002 2.47100906372070E+0002 2.47016098022461E+0002 2.46870101928711E+0002 2.46756301879883E+0002 2.46650299072266E+0002 2.46910003662109E+0002 2.48248092651367E+0002 2.50587203979492E+0002 1.70141000918780E+0038 1.70141000918780E+0038 1.70141000918780E+0038 1.70141000918780E+0038 1.70141000918780E+0038 1.70141000918780E+0038
3.05376312255859E+0002 3.05521514892578E+0002 3.05672210693359E+0002 3.05749786376953E+0002 3.05657806396484E+0002 3.05307891845703E+0002 3.04649291992188E+0002 3.03591308593750E+0002 3.01962707519531E+0002 2.99644195556641E+0002 2.96656311035156E+0002 2.92858001708984E+0002 2.88182495117188E+0002 2.82771392822266E+0002 2.76856811523438E+0002 2.70733795166016E+0002 2.64724700927734E+0002 2.59149414062500E+0002 2.54311492919922E+0002 2.50492401123047E+0002 2.47929397583008E+0002 2.46740600585938E+0002 2.46628799438477E+0002 2.46897994995117E+0002 2.47102798461914E+0002 2.47101806640625E+0002 2.46884902954102E+0002 2.46685806274414E+0002 2.46722000122070E+0002 2.46941696166992E+0002 2.47419601440430E+0002 2.48768905639648E+0002 2.50952606201172E+0002 1.70141000918780E+0038 1.70141000918780E+0038 1.70141000918780E+0038 1.70141000918780E+0038 1.70141000918780E+0038 1.70141000918780E+0038
3.05418212890625E+0002 3.05624298095703E+0002 3.05838806152344E+0002 3.05974914550781E+0002 3.05917205810547E+0002 3.05541503906250E+0002 3.04734405517578E+0002 3.03357299804688E+0002 3.01248687744141E+0002 2.98343994140625E+0002 2.94770812988281E+0002 2.90466613769531E+0002 2.85413604736328E+0002 2.79804687500000E+0002 2.73895812988281E+0002 2.67974487304688E+0002 2.62328887939453E+0002 2.57228393554688E+0002 2.52923095703125E+0002 2.49655502319336E+0002 2.47635803222656E+0002 2.46858306884766E+0002 2.46875793457031E+0002 2.47052001953125E+0002 2.47090393066406E+0002 2.47009796142578E+0002 2.46796096801758E+0002 2.46749496459961E+0002 2.47127395629883E+0002 2.47883102416992E+0002 2.48906692504883E+0002 2.50422897338867E+0002 2.52457595825195E+0002 1.70141000918780E+0038 1.70141000918780E+0038 1.70141000918780E+0038 1.70141000918780E+0038 1.70141000918780E+0038 1.70141000918780E+0038
3.05405792236328E+0002 3.05656402587891E+0002 3.05929107666016E+0002 3.06134796142578E+0002 3.06143402099609E+0002 3.05790100097656E+0002 3.04887390136719E+0002 3.03235412597656E+0002 3.00676788330078E+0002 2.97207214355469E+0002 2.93061492919922E+0002 2.88258514404297E+0002 2.82824310302734E+0002 2.76997497558594E+0002 2.71064788818359E+0002 2.65320190429688E+0002 2.60028503417969E+0002 2.55408493041992E+0002 2.51641098022461E+0002 2.48899597167969E+0002 2.47356597900391E+0002 2.46945495605469E+0002 2.46996505737305E+0002 2.46987106323242E+0002 2.46897293090820E+0002 2.46864807128906E+0002 2.46972503662109E+0002 2.47421493530273E+0002 2.48343795776367E+0002 2.49638702392578E+0002 2.51162292480469E+0002 2.52899993896484E+0002 2.54835800170898E+0002 1.70141000918780E+0038 1.70141000918780E+0038 1.70141000918780E+0038 1.70141000918780E+0038 1.70141000918780E+0038 1.70141000918780E+0038
3.05345703125000E+0002 3.05622985839844E+0002 3.05942810058594E+0002 3.06220489501953E+0002 3.06316009521484E+0002 3.06026489257813E+0002 3.05091308593750E+0002 3.03239013671875E+0002 3.00294311523438E+0002 2.96304504394531E+0002 2.91606994628906E+0002 2.86305297851563E+0002 2.80467712402344E+0002 2.74380706787109E+0002 2.68375305175781E+0002 2.62771697998047E+0002 2.57826202392578E+0002 2.53705505371094E+0002 2.50502304077148E+0002 2.48280899047852E+0002 2.47126296997070E+0002 2.46985595703125E+0002 2.46986495971680E+0002 2.46857604980469E+0002 2.46860397338867E+0002 2.47160797119141E+0002 2.47856399536133E+0002 2.48973999023438E+0002 2.50496902465820E+0002 2.52286697387695E+0002 2.54176498413086E+0002 2.56059600830078E+0002 2.57881011962891E+0002 1.70141000918780E+0038 1.70141000918780E+0038 1.70141000918780E+0038 1.70141000918780E+0038 1.70141000918780E+0038 1.70141000918780E+0038
3.05248199462891E+0002 3.05533813476563E+0002 3.05884796142578E+0002 3.06226287841797E+0002 3.06418304443359E+0002 3.06230987548828E+0002 3.05337402343750E+0002 3.03377899169922E+0002 3.00135894775391E+0002 2.95698211669922E+0002 2.90490112304688E+0002 2.84693908691406E+0002 2.78417388916016E+0002 2.72000213623047E+0002 2.65839508056641E+0002 2.60313995361328E+0002 2.55695495605469E+0002 2.52095993041992E+0002 2.49501693725586E+0002 2.47843994140625E+0002 2.47044998168945E+0002 2.46913406372070E+0002 2.46889495849609E+0002 2.46956100463867E+0002 2.47387802124023E+0002 2.48263595581055E+0002 2.49608505249023E+0002 2.51380798339844E+0002 2.53471405029297E+0002 2.55695602416992E+0002 2.57847686767578E+0002 2.59776489257813E+0002 2.61417785644531E+0002 1.70141000918780E+0038 1.70141000918780E+0038 1.70141000918780E+0038 1.70141000918780E+0038 1.70141000918780E+0038 1.70141000918780E+0038
3.05127105712891E+0002 3.05404602050781E+0002 3.05766204833984E+0002 3.06151702880859E+0002 3.06432098388672E+0002 3.06371307373047E+0002 3.05592407226563E+0002 3.03630889892578E+0002 3.00206085205078E+0002 2.95434906005859E+0002 2.89798797607422E+0002 2.83535095214844E+0002 2.76783386230469E+0002 2.69941894531250E+0002 2.63500000000000E+0002 2.57943298339844E+0002 2.53605194091797E+0002 2.50531997680664E+0002 2.48552307128906E+0002 2.47452896118164E+0002 2.46947006225586E+0002 2.46898696899414E+0002 2.47134597778320E+0002 2.47688201904297E+0002 2.48694702148438E+0002 2.50165405273438E+0002 2.52099304199219E+0002 2.54437896728516E+0002 2.57028503417969E+0002 2.59628387451172E+0002 2.61967987060547E+0002 2.63854003906250E+0002 2.65235290527344E+0002 1.70141000918780E+0038 1.70141000918780E+0038 1.70141000918780E+0038 1.70141000918780E+0038 1.70141000918780E+0038 1.70141000918780E+0038
3.05002014160156E+0002 3.05258911132813E+0002 3.05608184814453E+0002 3.06004699707031E+0002 3.06338500976563E+0002 3.06387512207031E+0002 3.05759796142578E+0002 3.03899688720703E+0002 3.00451110839844E+0002 2.95530487060547E+0002 2.89612213134766E+0002 2.82953186035156E+0002 2.75716491699219E+0002 2.68359100341797E+0002 2.61477111816406E+0002 2.55716705322266E+0002 2.51572998046875E+0002 2.49042694091797E+0002 2.47642395019531E+0002 2.47079193115234E+0002 2.47000305175781E+0002 2.47423400878906E+0002 2.48227798461914E+0002 2.49344100952148E+0002 2.50834899902344E+0002 2.52743606567383E+0002 2.55097702026367E+0002 2.57856689453125E+0002 2.60850585937500E+0002 2.63769104003906E+0002 2.66242004394531E+0002 2.68011291503906E+0002 1.70141000918780E+0038 1.70141000918780E+0038 1.70141000918780E+0038 1.70141000918780E+0038 1.70141000918780E+0038 1.70141000918780E+0038 1.70141000918780E+0038
3.04897491455078E+0002 3.05127990722656E+0002 3.05443511962891E+0002 3.05809295654297E+0002 3.06136199951172E+0002 3.06227996826172E+0002 3.05710693359375E+0002 3.04033905029297E+0002 3.00785003662109E+0002 2.95963714599609E+0002 2.89967407226563E+0002 2.83042510986328E+0002 2.75376312255859E+0002 2.67478790283203E+0002 2.60032409667969E+0002 2.53843597412109E+0002 2.49706802368164E+0002 2.47809005737305E+0002 2.47111892700195E+0002 2.47141998291016E+0002 2.47843597412109E+0002 2.48982894897461E+0002 2.50387893676758E+0002 2.51961105346680E+0002 2.53740905761719E+0002 2.55834503173828E+0002 2.58352600097656E+0002 2.61317108154297E+0002 2.64569213867188E+0002 2.67733612060547E+0002 2.70297088623047E+0002 2.71890411376953E+0002 1.70141000918780E+0038 1.70141000918780E+0038 1.70141000918780E+0038 1.70141000918780E+0038 1.70141000918780E+0038 1.70141000918780E+0038 1.70141000918780E+0038
3.04810791015625E+0002 3.05008514404297E+0002 3.05269104003906E+0002 3.05563812255859E+0002 3.05827301025391E+0002 3.05908996582031E+0002 3.05496185302734E+0002 3.04107208251953E+0002 3.01277496337891E+0002 2.96810485839844E+0002 2.90954711914063E+0002 2.83929992675781E+0002 2.75964385986328E+0002 2.67623107910156E+0002 2.59636688232422E+0002 2.52878402709961E+0002 2.48375595092773E+0002 2.46971801757813E+0002 2.47391998291016E+0002 2.48439895629883E+0002 2.50028503417969E+0002 2.51871307373047E+0002 2.53744506835938E+0002 2.55564193725586E+0002 2.57369110107422E+0002 2.59337402343750E+0002 2.61699707031250E+0002 2.64582397460938E+0002 2.67866302490234E+0002 2.71135803222656E+0002 2.73725402832031E+0002 2.75086791992188E+0002 1.70141000918780E+0038 1.70141000918780E+0038 1.70141000918780E+0038 1.70141000918780E+0038 1.70141000918780E+0038 1.70141000918780E+0038 1.70141000918780E+0038
