БС9_1 [is development object]/2026_04_roma_bs9_1.grd
DSAA
332 524
 4.40533420000000E+0005  4.57133420000000E+0005
 7.07279546992000E+0006  7.09899546992000E+0006
 3.40761489868164E+0001  3.22023986816406E+0002
[rows 306 to 322 of 524, columns 195 to 233 of 332]
2.76947113037109E+0002 2.76923004150391E+0002 2.76896911621094E+0002 2.76869995117188E+0002 2.76847198486328E+0002 2.76834991455078E+0002 2.76834106445313E+0002 2.76837310791016E+0002 2.76837585449219E+0002 2.76835296630859E+0002 2.76837890625000E+0002 2.76853210449219E+0002 2.76879486083984E+0002 2.76907714843750E+0002 2.76937011718750E+0002 2.76977813720703E+0002 2.77035888671875E+0002 2.77096099853516E+0002 2.77143585205078E+0002 2.77173400878906E+0002 2.77187713623047E+0002 2.77190795898438E+0002 2.77187011718750E+0002 2.77180694580078E+0002 2.77176208496094E+0002 2.77178314208984E+0002 2.77191986083984E+0002 2.77216003417969E+0002 2.77233001708984E+0002 2.77240600585938E+0002 2.77237792968750E+0002 2.77224700927734E+0002 2.77201904296875E+0002 2.77170898437500E+0002 2.77134094238281E+0002 2.77094512939453E+0002 2.77056304931641E+0002 2.77024108886719E+0002 2.77003814697266E+0002
2.76880706787109E+0002 2.76843200683594E+0002 2.76809387207031E+0002 2.76776214599609E+0002 2.76746704101563E+0002 2.76725799560547E+0002 2.76714691162109E+0002 2.76710205078125E+0002 2.76708587646484E+0002 2.76709411621094E+0002 2.76716186523438E+0002 2.76732513427734E+0002 2.76757812500000E+0002 2.76789215087891E+0002 2.76827606201172E+0002 2.76881805419922E+0002 2.76952911376953E+0002 2.77024993896484E+0002 2.77081909179688E+0002 2.77118408203125E+0002 2.77137390136719E+0002 2.77143310546875E+0002 2.77140106201172E+0002 2.77132110595703E+0002 2.77123596191406E+0002 2.77119995117188E+0002 2.77127105712891E+0002 2.77145202636719E+0002 2.77158905029297E+0002 2.77165985107422E+0002 2.77165802001953E+0002 2.77157989501953E+0002 2.77143005371094E+0002 2.77121795654297E+0002 2.77096099853516E+0002 2.77068115234375E+0002 2.77040710449219E+0002 2.77017486572266E+0002 1.70141000918780E+0038
2.76789001464844E+0002 2.76736602783203E+0002 2.76694793701172E+0002 2.76655395507813E+0002 2.76618988037109E+0002 2.76590301513672E+0002 2.76571289062500E+0002 2.76561004638672E+0002 2.76558013916016E+0002 2.76561706542969E+0002 2.76573394775391E+0002 2.76594207763672E+0002 2.76624206542969E+0002 2.76662994384766E+0002 2.76712188720703E+0002 2.76779113769531E+0002 2.76861785888672E+0002 2.76944885253906E+0002 2.77012298583984E+0002 2.77058593750000E+0002 2.77086090087891E+0002 2.77098693847656E+0002 2.77099700927734E+0002 2.77092803955078E+0002 2.77082489013672E+0002 2.77074707031250E+0002 2.77075988769531E+0002 2.77088287353516E+0002 2.77098297119141E+0002 2.77104187011719E+0002 2.77105285644531E+0002 2.77101287841797E+0002 2.77092407226563E+0002 2.77079193115234E+0002 2.77062805175781E+0002 2.77044708251953E+0002 2.77026794433594E+0002 1.70141000918780E+0038 1.70141000918780E+0038
2.76672607421875E+0002 2.76603698730469E+0002 2.76553314208984E+0002 2.76507385253906E+0002 2.76464202880859E+0002 2.76428588867188E+0002 2.76403503417969E+0002 2.76389587402344E+0002 2.76386291503906E+0002 2.76393310546875E+0002 2.76410797119141E+0002 2.76438812255859E+0002 2.76477203369141E+0002 2.76526092529297E+0002 2.76586212158203E+0002 2.76664611816406E+0002 2.76758789062500E+0002 2.76853210449219E+0002 2.76933593750000E+0002 2.76993499755859E+0002 2.77033813476563E+0002 2.77056793212891E+0002 2.77065307617188E+0002 2.77062408447266E+0002 2.77052703857422E+0002 2.77042388916016E+0002 2.77039093017578E+0002 2.77046203613281E+0002 2.77052490234375E+0002 2.77056488037109E+0002 2.77057800292969E+0002 2.77056213378906E+0002 2.77051696777344E+0002 2.77044586181641E+0002 2.77035614013672E+0002 2.77025390625000E+0002 1.70141000918780E+0038 1.70141000918780E+0038 1.70141000918780E+0038
2.76535888671875E+0002 2.76449096679688E+0002 2.76389709472656E+0002 2.76337097167969E+0002 2.76287292480469E+0002 2.76245788574219E+0002 2.76216186523438E+0002 2.76200012207031E+0002 2.76197601318359E+0002 2.76208801269531E+0002 2.76233093261719E+0002 2.76269897460938E+0002 2.76318511962891E+0002 2.76378387451172E+0002 2.76449005126953E+0002 2.76538391113281E+0002 2.76644805908203E+0002 2.76752593994141E+0002 2.76848297119141E+0002 2.76924987792969E+0002 2.76980987548828E+0002 2.77017486572266E+0002 2.77036285400391E+0002 2.77039886474609E+0002 2.77032897949219E+0002 2.77022003173828E+0002 2.77015502929688E+0002 2.77018402099609E+0002 2.77021514892578E+0002 2.77023498535156E+0002 2.77024414062500E+0002 2.77023895263672E+0002 2.77022186279297E+0002 2.77019287109375E+0002 2.77015502929688E+0002 2.77011108398438E+0002 1.70141000918780E+0038 1.70141000918780E+0038 1.70141000918780E+0038
2.76387695312500E+0002 2.76282501220703E+0002 2.76213989257813E+0002 2.76154785156250E+0002 2.76098999023438E+0002 2.76052398681641E+0002 2.76019287109375E+0002 2.76002014160156E+0002 2.76001403808594E+0002 2.76017303466797E+0002 2.76048889160156E+0002 2.76095001220703E+0002 2.76154296875000E+0002 2.76225097656250E+0002 2.76305694580078E+0002 2.76405700683594E+0002 2.76524993896484E+0002 2.76647705078125E+0002 2.76760498046875E+0002 2.76855407714844E+0002 2.76928802490234E+0002 2.76980407714844E+0002 2.77010986328125E+0002 2.77023010253906E+0002 2.77020812988281E+0002 2.77011291503906E+0002 2.77003509521484E+0002 2.77003692626953E+0002 2.77004394531250E+0002 2.77004913330078E+0002 2.77005187988281E+0002 2.77005096435547E+0002 2.77004791259766E+0002 2.77004211425781E+0002 2.77003387451172E+0002 1.70141000918780E+0038 1.70141000918780E+0038 1.70141000918780E+0038 1.70141000918780E+0038
2.76240997314453E+0002 2.76118286132813E+0002 2.76041198730469E+0002 2.75976196289063E+0002 2.75914886474609E+0002 2.75864013671875E+0002 2.75828308105469E+0002 2.75810607910156E+0002 2.75812103271484E+0002 2.75832702636719E+0002 2.75871398925781E+0002 2.75926391601563E+0002 2.75995513916016E+0002 2.76076202392578E+0002 2.76165588378906E+0002 2.76275299072266E+0002 2.76407287597656E+0002 2.76544891357422E+0002 2.76674591064453E+0002 2.76787414550781E+0002 2.76878112792969E+0002 2.76944885253906E+0002 2.76987915039063E+0002 2.77009399414063E+0002 2.77013610839844E+0002 2.77007507324219E+0002 2.77000488281250E+0002 2.76999908447266E+0002 2.76999908447266E+0002 2.76999908447266E+0002 2.76999908447266E+0002 2.76999908447266E+0002 2.76999908447266E+0002 2.76999908447266E+0002 1.70141000918780E+0038 1.70141000918780E+0038 1.70141000918780E+0038 1.70141000918780E+0038 1.70141000918780E+0038
2.76083587646484E+0002 2.75941009521484E+0002 2.75853912353516E+0002 2.75781402587891E+0002 2.75713287353516E+0002 2.75657287597656E+0002 2.75618896484375E+0002 2.75601806640625E+0002 2.75607513427734E+0002 2.75635894775391E+0002 2.75685485839844E+0002 2.75753509521484E+0002 2.75836791992188E+0002 2.75931091308594E+0002 2.76031890869141E+0002 2.76153198242188E+0002 2.76299407958984E+0002 2.76453002929688E+0002 2.76599487304688E+0002 2.76728912353516E+0002 2.76834899902344E+0002 2.76914611816406E+0002 2.76967987060547E+0002 2.76997192382813E+0002 2.77006713867188E+0002 2.77003509521484E+0002 2.76997100830078E+0002 2.76995697021484E+0002 2.76994903564453E+0002 2.76994384765625E+0002 2.76993988037109E+0002 2.76993988037109E+0002 2.76994110107422E+0002 1.70141000918780E+0038 1.70141000918780E+0038 1.70141000918780E+0038 1.70141000918780E+0038 1.70141000918780E+0038 1.70141000918780E+0038
2.75911285400391E+0002 2.75744995117188E+0002 2.75645812988281E+0002 2.75564086914063E+0002 2.75487396240234E+0002 2.75424987792969E+0002 2.75384185791016E+0002 2.75369506835938E+0002 2.75382690429688E+0002 2.75423706054688E+0002 2.75490203857422E+0002 2.75578094482422E+0002 2.75682312011719E+0002 2.75796295166016E+0002 2.75912902832031E+0002 2.76048889160156E+0002 2.76211914062500E+0002 2.76382598876953E+0002 2.76545410156250E+0002 2.76689300537109E+0002 2.76807403564453E+0002 2.76896301269531E+0002 2.76956207275391E+0002 2.76989593505859E+0002 2.77001312255859E+0002 2.76998596191406E+0002 2.76990997314453E+0002 2.76987213134766E+0002 2.76984405517578E+0002 2.76982513427734E+0002 2.76981414794922E+0002 2.76981201171875E+0002 1.70141000918780E+0038 1.70141000918780E+0038 1.70141000918780E+0038 1.70141000918780E+0038 1.70141000918780E+0038 1.70141000918780E+0038 1.70141000918780E+0038
2.75733886718750E+0002 2.75542510986328E+0002 2.75430694580078E+0002 2.75338989257813E+0002 2.75252899169922E+0002 2.75184204101563E+0002 2.75141693115234E+0002 2.75131195068359E+0002 2.75155212402344E+0002 2.75213104248047E+0002 2.75301696777344E+0002 2.75415191650391E+0002 2.75545898437500E+0002 2.75684509277344E+0002 2.75820404052734E+0002 2.75973388671875E+0002 2.76154296875000E+0002 2.76341888427734E+0002 2.76519409179688E+0002 2.76674804687500E+0002 2.76800994873047E+0002 2.76894714355469E+0002 2.76956604003906E+0002 2.76989898681641E+0002 2.77000213623047E+0002 2.76995086669922E+0002 2.76984313964844E+0002 2.76976593017578E+0002 2.76970886230469E+0002 2.76966888427734E+0002 2.76964813232422E+0002 2.76964599609375E+0002 1.70141000918780E+0038 1.70141000918780E+0038 1.70141000918780E+0038 1.70141000918780E+0038 1.70141000918780E+0038 1.70141000918780E+0038 1.70141000918780E+0038
2.75560394287109E+0002 2.75344207763672E+0002 2.75220214843750E+0002 2.75118804931641E+0002 2.75023712158203E+0002 2.74949188232422E+0002 2.74906311035156E+0002 2.74902191162109E+0002 2.74939788818359E+0002 2.75018493652344E+0002 2.75133514404297E+0002 2.75277099609375E+0002 2.75438812255859E+0002 2.75605712890625E+0002 2.75763488769531E+0002 2.75934692382813E+0002 2.76133605957031E+0002 2.76336914062500E+0002 2.76526489257813E+0002 2.76689788818359E+0002 2.76819396972656E+0002 2.76912994384766E+0002 2.76971710205078E+0002 2.77000213623047E+0002 2.77004913330078E+0002 2.76994293212891E+0002 2.76978393554688E+0002 2.76965606689453E+0002 2.76956085205078E+0002 2.76949890136719E+0002 2.76946685791016E+0002 1.70141000918780E+0038 1.70141000918780E+0038 1.70141000918780E+0038 1.70141000918780E+0038 1.70141000918780E+0038 1.70141000918780E+0038 1.70141000918780E+0038 1.70141000918780E+0038
2.75398193359375E+0002 2.75158905029297E+0002 2.75023986816406E+0002 2.74914001464844E+0002 2.74811004638672E+0002 2.74732086181641E+0002 2.74690490722656E+0002 2.74694793701172E+0002 2.74748687744141E+0002 2.74851196289063E+0002 2.74996093750000E+0002 2.75173309326172E+0002 2.75368988037109E+0002 2.75566894531250E+0002 2.75748107910156E+0002 2.75937896728516E+0002 2.76154113769531E+0002 2.76371185302734E+0002 2.76569702148438E+0002 2.76736602783203E+0002 2.76864807128906E+0002 2.76952697753906E+0002 2.77002685546875E+0002 2.77020996093750E+0002 2.77015686035156E+0002 2.76996490478516E+0002 2.76973602294922E+0002 2.76955108642578E+0002 2.76941711425781E+0002 2.76933197021484E+0002 1.70141000918780E+0038 1.70141000918780E+0038 1.70141000918780E+0038 1.70141000918780E+0038 1.70141000918780E+0038 1.70141000918780E+0038 1.70141000918780E+0038 1.70141000918780E+0038 1.70141000918780E+0038
2.75252899169922E+0002 2.74993286132813E+0002 2.74849090576172E+0002 2.74732208251953E+0002 2.74623291015625E+0002 2.74541900634766E+0002 2.74503387451172E+0002 2.74518310546875E+0002 2.74590911865234E+0002 2.74719512939453E+0002 2.74896697998047E+0002 2.75109710693359E+0002 2.75341400146484E+0002 2.75571502685547E+0002 2.75776885986328E+0002 2.75984985351563E+0002 2.76217102050781E+0002 2.76445495605469E+0002 2.76649414062500E+0002 2.76815704345703E+0002 2.76937500000000E+0002 2.77014099121094E+0002 2.77049896240234E+0002 2.77052612304688E+0002 2.77032714843750E+0002 2.77001586914063E+0002 2.76970214843750E+0002 2.76945587158203E+0002 2.76928802490234E+0002 2.76919006347656E+0002 1.70141000918780E+0038 1.70141000918780E+0038 1.70141000918780E+0038 1.70141000918780E+0038 1.70141000918780E+0038 1.70141000918780E+0038 1.70141000918780E+0038 1.70141000918780E+0038 1.70141000918780E+0038
2.75128601074219E+0002 2.74851593017578E+0002 2.74700286865234E+0002 2.74578613281250E+0002 2.74465911865234E+0002 2.74384307861328E+0002 2.74351287841797E+0002 2.74378814697266E+0002 2.74471984863281E+0002 2.74628509521484E+0002 2.74839294433594E+0002 2.75088989257813E+0002 2.75357208251953E+0002 2.75619689941406E+0002 2.75848999023438E+0002 2.76074584960938E+0002 2.76320800781250E+0002 2.76557708740234E+0002 2.76763702392578E+0002 2.76925201416016E+0002 2.77036010742188E+0002 2.77096496582031E+0002 2.77112701416016E+0002 2.77094909667969E+0002 2.77055999755859E+0002 2.77010009765625E+0002 2.76968688964844E+0002 2.76938201904297E+0002 2.76918792724609E+0002 2.76909210205078E+0002 1.70141000918780E+0038 1.70141000918780E+0038 1.70141000918780E+0038 1.70141000918780E+0038 1.70141000918780E+0038 1.70141000918780E+0038 1.70141000918780E+0038 1.70141000918780E+0038 1.70141000918780E+0038
2.75027404785156E+0002 2.74736389160156E+0002 2.74579711914063E+0002 2.74455200195313E+0002 2.74341400146484E+0002 2.74262298583984E+0002 2.74237091064453E+0002 2.74279296875000E+0002 2.74394409179688E+0002 2.74579803466797E+0002 2.74824401855469E+0002 2.75110412597656E+0002 2.75414215087891E+0002 2.75707885742188E+0002 2.75960113525391E+0002 2.76201690673828E+0002 2.76459686279297E+0002 2.76702514648438E+0002 2.76907592773438E+0002 2.77061004638672E+0002 2.77157104492188E+0002 2.77197509765625E+0002 2.77190185546875E+0002 2.77147888183594E+0002 2.77086608886719E+0002 2.77022796630859E+0002 2.76970214843750E+0002 2.76933898925781E+0002 2.76912902832031E+0002 1.70141000918780E+0038 1.70141000918780E+0038 1.70141000918780E+0038 1.70141000918780E+0038 1.70141000918780E+0038 1.70141000918780E+0038 1.70141000918780E+0038 1.70141000918780E+0038 1.70141000918780E+0038 1.70141000918780E+0038
2.74950714111328E+0002 2.74648498535156E+0002 2.74487609863281E+0002 2.74361602783203E+0002 2.74248992919922E+0002 2.74175292968750E+0002 2.74160614013672E+0002 2.74219512939453E+0002 2.74357788085938E+0002 2.74571990966797E+0002 2.74849304199219E+0002 2.75169708251953E+0002 2.75506713867188E+0002 2.75829010009766E+0002 2.76101989746094E+0002 2.76357513427734E+0002 2.76624908447266E+0002 2.76871185302734E+0002 2.77072906494141E+0002 2.77216094970703E+0002 2.77295410156250E+0002 2.77313507080078E+0002 2.77280303955078E+0002 2.77211090087891E+0002 2.77125000000000E+0002 2.77041412353516E+0002 2.76975891113281E+0002 2.76932708740234E+0002 2.76910400390625E+0002 1.70141000918780E+0038 1.70141000918780E+0038 1.70141000918780E+0038 1.70141000918780E+0038 1.70141000918780E+0038 1.70141000918780E+0038 1.70141000918780E+0038 1.70141000918780E+0038 1.70141000918780E+0038 1.70141000918780E+0038
2.74898498535156E+0002 2.74587890625000E+0002 2.74423187255859E+0002 2.74296112060547E+0002 2.74186096191406E+0002 2.74120208740234E+0002 2.74118988037109E+0002 2.74196685791016E+0002 2.74359008789063E+0002 2.74600891113281E+0002 2.74908203125000E+0002 2.75259094238281E+0002 2.75625000000000E+0002 2.75971984863281E+0002 2.76262512207031E+0002 2.76529296875000E+0002 2.76803588867188E+0002 2.77051391601563E+0002 2.77248504638672E+0002 2.77380706787109E+0002 2.77442810058594E+0002 2.77438293457031E+0002 2.77378601074219E+0002 2.77281402587891E+0002 2.77169097900391E+0002 2.77064392089844E+0002 2.76983886718750E+0002 2.76931793212891E+0002 2.76907409667969E+0002 1.70141000918780E+0038 1.70141000918780E+0038 1.70141000918780E+0038 1.70141000918780E+0038 1.70141000918780E+0038 1.70141000918780E+0038 1.70141000918780E+0038 1.70141000918780E+0038 1.70141000918780E+0038 1.70141000918780E+0038
